447	154	1
-0.4837327301502228	0.7778027653694153	-2.396798610687256	0.1186830997467041	0.1286681443452835	1.0	0	0.0	0	0.0	0	-0.005528244189918041	0.9999820590019226	-0.002314492128789425	0.9999805092811584	0.005521474406123161	-0.0029212678782641888	-0.0029084361158311367	-0.0023305965587496758	-0.999993085861206
-0.3460991382598877	0.7782221436500549	-2.5443477630615234	0.13819289207458496	0.14946189522743225	1.0	0	0.0	0	0.0	0	-0.005528244189918041	0.9999820590019226	-0.002314492128789425	0.9999805092811584	0.005521474406123161	-0.002921267645433545	-0.002908435883000493	-0.002330596325919032	-0.999993085861206
-0.48500725626945496	0.7774551510810852	-2.5439419746398926	0.11856317520141602	0.14946189522743225	1.0	0	0.0	0	0.0	0	-0.005528244189918041	0.9999820590019226	-0.002314492128789425	0.9999805092811584	0.005521474406123161	-0.0029212678782641888	-0.0029084361158311367	-0.0023305965587496758	-0.999993085861206
-0.5314235687255859	0.6677049994468689	-2.5433194637298584	0.012331247329711914	0.896153450012207	1.0	0	0.0	0	0.0	0	-0.0028272955678403378	-0.004561763256788254	-0.9999855756759644	0.9999955296516418	-0.0009759578970260918	-0.0028228715527802706	-0.0009630665299482644	-0.9999890923500061	0.004564502276480198
-0.4430270195007324	-0.06719058752059937	-2.5402169227600098	0.024922847747802734	0.9999923706054688	1.0	0	0.0	0	0.0	0	-0.0028272955678403378	-0.004561763256788254	-0.9999855756759644	0.9999955892562866	-0.0009759579552337527	-0.0028228715527802706	-0.0009630665881559253	-0.9999891519546509	0.004564502742141485
-0.5321314930915833	-0.06710362434387207	-2.5399653911590576	0.012331247329711914	0.9999923706054688	1.0	0	0.0	0	0.0	0	-0.0028272955678403378	-0.004561763256788254	-0.9999855756759644	0.9999955296516418	-0.0009759578970260918	-0.0028228715527802706	-0.0009630665299482644	-0.9999890923500061	0.004564502276480198
-0.4427143931388855	-0.17315346002578735	-2.3928236961364746	0.15015482902526855	0.12651413679122925	1.0	0	0.0	0	0.0	0	-0.0009643110679462552	-0.9999890923500061	0.00456612091511488	0.9999955296516418	-0.0009772275807335973	-0.0028273717034608126	0.0028318031691014767	0.004563373979181051	0.9999855756759644
-0.42723995447158813	-0.17309898138046265	-2.377624750137329	0.15233564376831055	0.1286681443452835	1.0	0	0.0	0	0.0	0	-0.0009643110679462552	-0.9999890923500061	0.00456612091511488	0.9999954700469971	-0.0009772275807335973	-0.002827371470630169	0.0028318031691014767	0.0045633744448423386	0.9999856352806091
-0.4426712691783905	-0.17308390140533447	-2.3775811195373535	0.15015482902526855	0.1286681443452835	1.0	0	0.0	0	0.0	0	-0.0009643110679462552	-0.9999890923500061	0.00456612091511488	0.9999955296516418	-0.0009772275807335973	-0.0028273719362914562	0.0028318034019321203	0.004563373979181051	0.9999855756759644
-0.4426116347312927	-0.06652045249938965	-2.393310546875	0.06342744827270508	0.0	1.0	0	0.0	0	0.0	0	0.0028299756813794374	0.004562084563076496	0.9999855756759644	0.9999957084655762	-0.0006923755863681436	-0.0028268457390367985	0.0006794693181291223	0.99998939037323	-0.0045640249736607075
-0.5310081243515015	0.6683751940727234	-2.3964130878448486	0.05083608627319336	0.10375452041625977	1.0	0	0.0	0	0.0	0	0.0028299756813794374	0.004562084563076496	0.9999855756759644	0.999995768070221	-0.0006923756445758045	-0.002826845971867442	0.0006794693181291223	0.9999893307685852	-0.0045640249736607075
-0.5317161083221436	-0.06643342971801758	-2.3930587768554688	0.05083608627319336	3.5762786865234375e-06	1.0	0	0.0	0	0.0	0	0.0028299756813794374	0.004562084563076496	0.9999855756759644	0.999995768070221	-0.0006923756445758045	-0.002826845971867442	0.0006794693181291223	0.9999893307685852	-0.0045640249736607075
-0.5321314930915833	-0.06710362434387207	-2.5399653911590576	0.13932335376739502	0.0	1.0	0	0.0	0	0.0	0	-0.9999955296516418	0.0009762968402355909	0.0028234869241714478	0.0028279125690460205	0.004561723209917545	0.9999856352806091	0.0009634028538130224	0.9999891519546509	-0.004564463626593351
-0.5310081243515015	0.6683751940727234	-2.3964130878448486	0.16008347272872925	0.10383915901184082	1.0	0	0.0	0	0.0	0	-0.9999955296516418	0.0009762968402355909	0.0028234869241714478	0.002827912336215377	0.004561723209917545	0.9999855756759644	0.0009634027956053615	0.9999890923500061	-0.004564463626593351
-0.5314235687255859	0.6677049994468689	-2.5433194637298584	0.13932335376739502	0.10383915901184082	1.0	0	0.0	0	0.0	0	-0.9999955296516418	0.0009762968402355909	0.0028234869241714478	0.002827912336215377	0.004561722744256258	0.9999855756759644	0.0009634027956053615	0.9999890923500061	-0.004564463160932064
-0.44231903553009033	0.667618453502655	-2.5435709953308105	0.13932333886623383	0.10383939743041992	1.0	0	0.0	0	0.0	0	0.9999955296516418	-0.0009763755369931459	-0.0028230808675289154	-0.002827506046742201	-0.004561224021017551	-0.9999855756759644	0.0009634847519919276	0.9999890923500061	-0.0045639644376933575
-0.4426116347312927	-0.06652045249938965	-2.393310546875	0.1185632273554802	0.0	1.0	0	0.0	0	0.0	0	0.9999955296516418	-0.0009763755369931459	-0.0028230808675289154	-0.002827506046742201	-0.004561224021017551	-0.9999855756759644	0.0009634847519919276	0.9999890923500061	-0.0045639644376933575
-0.4430270195007324	-0.06719058752059937	-2.5402169227600098	0.13932335376739502	0.0	1.0	0	0.0	0	0.0	0	0.9999955296516418	-0.0009763755369931459	-0.0028230808675289154	-0.002827506046742201	-0.004561223555356264	-0.9999855756759644	0.0009634847519919276	0.9999890923500061	-0.00456396397203207
-0.48990970849990845	0.778362512588501	-2.5439417362213135	0.15637540817260742	0.14942827820777893	1.0	0	0.0	0	0.0	0	0.0009636201430112123	0.9999890923500061	-0.00456472160294652	0.9999955296516418	-0.0009765085997059941	-0.002822096226736903	-0.002826523035764694	-0.004561981651932001	-0.9999855756759644
-0.6181627511978149	0.779158353805542	-2.396672010421753	0.13819289207458496	0.1286681443452835	1.0	0	0.0	0	0.0	0	0.0009636201430112123	0.9999890923500061	-0.00456472160294652	0.9999955296516418	-0.0009765085997059941	-0.002822096459567547	-0.002826523268595338	-0.004561981651932001	-0.9999855756759644
-0.48949408531188965	0.7790327072143555	-2.3970351219177246	0.15637540817260742	0.1286681443452835	1.0	0	0.0	0	0.0	0	0.0009636201430112123	0.9999890923500061	-0.00456472160294652	0.9999955296516418	-0.0009765085997059941	-0.002822096226736903	-0.002826523035764694	-0.004561981651932001	-0.9999855756759644
-0.5310081243515015	0.6683751940727234	-2.3964130878448486	0.1185632199048996	0.1286681443452835	1.0	0	0.0	0	0.0	0	0.0	0.0	0.0	1.0	0.0	0.0	0.0	0.0	0.0
-0.44190365076065063	0.6682886481285095	-2.396664619445801	0.1185632199048996	0.1286681443452835	1.0	0	0.0	0	0.0	0	0.0	0.0	0.0	1.0	0.0	0.0	0.0	0.0	0.0
-0.44231903553009033	0.667618453502655	-2.5435709953308105	0.1185632199048996	0.1286681443452835	1.0	0	0.0	0	0.0	0	0.0	0.0	0.0	1.0	0.0	0.0	0.0	0.0	0.0
-0.5314235687255859	0.6677049994468689	-2.5433194637298584	0.1185632199048996	0.1286681443452835	1.0	0	0.0	0	0.0	0	0.0	0.0	0.0	1.0	0.0	0.0	0.0	0.0	0.0
-0.5310081243515015	0.6683751940727234	-2.3964130878448486	0.05083608627319336	0.10375452041625977	1.0	0	0.0	0	0.0	0	0.0028251016046851873	0.0023025500122457743	0.9999933242797852	0.9999958276748657	-0.0007059455965645611	-0.0028234831988811493	0.000699439668096602	0.9999971389770508	-0.0023045348934829235
-0.44190365076065063	0.6682886481285095	-2.396664619445801	0.06342744827270508	0.10375118255615234	1.0	0	0.0	0	0.0	0	0.0028251016046851873	0.0023025500122457743	0.9999933242797852	0.999995768070221	-0.0007059455965645611	-0.0028234831988811493	0.000699439668096602	0.999997079372406	-0.00230453466065228
-0.4837327301502228	0.7778027653694153	-2.396798610687256	0.05750131607055664	0.11920809745788574	1.0	0	0.0	0	0.0	0	0.0028251016046851873	0.0023025500122457743	0.9999933242797852	0.999995768070221	-0.0007059455965645611	-0.0028234831988811493	0.000699439668096602	0.999997079372406	-0.00230453466065228
-0.48949408531188965	0.7790327072143555	-2.3970351219177246	0.17103171348571777	0.08625268936157227	1.0	0	0.0	0	0.0	0	-0.0028257681988179684	-0.004561064764857292	-0.9999856948852539	-0.9999955892562866	0.000975955044850707	0.0028213446494191885	0.0009630726417526603	0.9999891519546509	-0.004563801921904087
-0.5310081243515015	0.6683751940727234	-2.3964130878448486	0.17688322067260742	0.07060956954956055	1.0	0	0.0	0	0.0	0	-0.0028257681988179684	-0.004561064764857292	-0.9999856948852539	-0.9999955892562866	0.000975955103058368	0.0028213446494191885	0.0009630726999603212	0.9999891519546509	-0.004563801921904087
-0.5309014916419983	0.7790731191635132	-2.396918296813965	0.17688322067260742	0.08625268936157227	1.0	0	0.0	0	0.0	0	-0.0028257681988179684	-0.004561064764857292	-0.9999856948852539	-0.9999955892562866	0.000975955103058368	0.0028213446494191885	0.0009630726999603212	0.9999891519546509	-0.004563801921904087
-0.34579038619995117	0.6681948304176331	-2.3969359397888184	0.13420629501342773	0.14946189522743225	1.0	0	0.0	0	0.0	0	0.9999955296516418	-0.0009761604596860707	-0.0028230773750692606	-0.0009632701403461397	-0.9999891519546509	0.004563822411000729	-0.0028275016229599714	-0.00456108245998621	-0.9999856352806091
-0.3460991382598877	0.7782221436500549	-2.5443477630615234	0.11856317520141602	0.17022201418876648	1.0	0	0.0	0	0.0	0	0.9999955296516418	-0.0009761604596860707	-0.0028230773750692606	-0.0009632701403461397	-0.9999891519546509	0.004563822411000729	-0.0028275016229599714	-0.00456108245998621	-0.9999856352806091
-0.345683753490448	0.7788922786712646	-2.3974411487579346	0.11856317520141602	0.14946189522743225	1.0	0	0.0	0	0.0	0	0.9999955296516418	-0.0009761604596860707	-0.0028230773750692606	-0.0009632700821384788	-0.9999890923500061	0.004563822411000729	-0.0028275016229599714	-0.00456108245998621	-0.9999855756759644
-0.44231903553009033	0.667618453502655	-2.5435709953308105	0.16008353233337402	0.0	1.0	0	0.0	0	0.0	0	-0.0009632196743041277	-0.9999891519546509	0.00456472672522068	0.9999955892562866	-0.0009761123801581562	-0.002823024056851864	0.002827448770403862	0.004561987239867449	0.9999855756759644
-0.34579038619995117	0.6681948304176331	-2.3969359397888184	0.17366576194763184	0.020760126411914825	1.0	0	0.0	0	0.0	0	-0.0009632196743041277	-0.9999891519546509	0.00456472672522068	0.9999955892562866	-0.0009761123801581562	-0.002823024056851864	0.002827448770403862	0.004561987239867449	0.9999855756759644
-0.44190365076065063	0.6682886481285095	-2.396664619445801	0.16008353233337402	0.020760126411914825	1.0	0	0.0	0	0.0	0	-0.0009632196743041277	-0.9999891519546509	0.00456472672522068	0.9999955892562866	-0.0009761123801581562	-0.002823024056851864	0.002827448770403862	0.004561987239867449	0.9999855756759644
-0.44231903553009033	0.667618453502655	-2.5435709953308105	0.024922847747802734	0.8961524963378906	1.0	0	0.0	0	0.0	0	-0.0028298150282353163	-0.004561078269034624	-0.9999856352806091	0.9999955296516418	-0.000976111798081547	-0.002825391013175249	-0.0009632109431549907	-0.9999891519546509	0.004563820082694292
-0.3460991382598877	0.7782221436500549	-2.5443477630615234	0.03850507736206055	0.8805093765258789	1.0	0	0.0	0	0.0	0	-0.0028298150282353163	-0.004561078269034624	-0.9999856352806091	0.9999955892562866	-0.0009761118562892079	-0.002825391013175249	-0.0009632108849473298	-0.9999890923500061	0.004563820082694292
-0.34620577096939087	0.6675246357917786	-2.5438425540924072	0.03850507736206055	0.8961524963378906	1.0	0	0.0	0	0.0	0	-0.0028298150282353163	-0.004561078269034624	-0.9999856352806091	0.9999955892562866	-0.0009761118562892079	-0.002825391013175249	-0.0009632108849473298	-0.9999890923500061	0.004563820082694292
-0.6186848282814026	0.6677901744842529	-2.5430731773376465	0.15383577346801758	0.14942826330661774	1.0	0	0.0	0	0.0	0	-0.9999955296516418	0.0009761574910953641	0.0028234871570020914	-0.0009632653091102839	-0.9999890923500061	0.0045637995935976505	0.0028279114048928022	0.0045610591769218445	0.9999855756759644
-0.6181627511978149	0.779158353805542	-2.396672010421753	0.13819265365600586	0.17018839716911316	1.0	0	0.0	0	0.0	0	-0.9999955296516418	0.0009761574910953641	0.0028234871570020914	-0.0009632653673179448	-0.9999891519546509	0.0045637995935976505	0.0028279114048928022	0.0045610591769218445	0.9999856352806091
-0.6185781955718994	0.7784881591796875	-2.5435783863067627	0.13819265365600586	0.14942826330661774	1.0	0	0.0	0	0.0	0	-0.9999955296516418	0.0009761574910953641	0.0028234871570020914	-0.0009632653091102839	-0.9999890923500061	0.0045637995935976505	0.0028279114048928022	0.0045610591769218445	0.9999855756759644
-0.5314235687255859	0.6677049994468689	-2.5433194637298584	0.012331247329711914	0.896153450012207	1.0	0	0.0	0	0.0	0	-0.0028283377178013325	-0.0045622591860592365	-0.9999855756759644	0.9999955892562866	-0.0009765337454155087	-0.002823910675942898	-0.0009636362665332854	-0.9999891519546509	0.0045650009997189045
-0.6185781955718994	0.7784881591796875	-2.5435783863067627	0.0	0.8805093765258789	1.0	0	0.0	0	0.0	0	-0.0028283377178013325	-0.0045622591860592365	-0.9999855756759644	0.9999955296516418	-0.0009765338036231697	-0.002823910675942898	-0.0009636363247409463	-0.9999890923500061	0.004565000534057617
-0.48990970849990845	0.778362512588501	-2.5439417362213135	0.01818251609802246	0.8805093765258789	1.0	0	0.0	0	0.0	0	-0.0028283377178013325	-0.0045622591860592365	-0.9999855756759644	0.9999955892562866	-0.0009765338036231697	-0.002823910675942898	-0.0009636363247409463	-0.9999891519546509	0.0045650009997189045
-0.5314235687255859	0.6677049994468689	-2.5433194637298584	0.17241477966308594	0.020760130137205124	1.0	0	0.0	0	0.0	0	-0.0009631985449232161	-0.9999891519546509	0.004564718808978796	0.9999955296516418	-0.000976088282186538	-0.0028223898261785507	0.0028268147725611925	0.004561979789286852	0.9999856352806091
-0.6182694435119629	0.6684603691101074	-2.3961665630340576	0.16008353233337402	0.04152025282382965	1.0	0	0.0	0	0.0	0	-0.0009631985449232161	-0.9999891519546509	0.004564718808978796	0.9999955296516418	-0.000976088282186538	-0.0028223898261785507	0.0028268147725611925	0.004561979789286852	0.9999856352806091
-0.6186848282814026	0.6677901744842529	-2.5430731773376465	0.16008353233337402	0.020760130137205124	1.0	0	0.0	0	0.0	0	-0.0009631985449232161	-0.9999891519546509	0.004564718808978796	0.9999955296516418	-0.000976088282186538	-0.0028223898261785507	0.0028268147725611925	0.004561979789286852	0.9999856352806091
-0.48949408531188965	0.7790327072143555	-2.3970351219177246	0.056687355041503906	0.11938285827636719	1.0	0	0.0	0	0.0	0	0.002827804069966078	0.004561875015497208	0.9999856352806091	0.9999954104423523	-0.0011181773152202368	-0.0028227304574102163	0.001105284201912582	0.9999889135360718	-0.004565015435218811
-0.47767502069473267	6.7762532234191895	-2.4244275093078613	0.0575408935546875	0.9661588668823242	1.0	0	0.0	0	0.0	0	0.002827804069966078	0.004561875015497208	0.9999856352806091	0.9999954104423523	-0.0011181773152202368	-0.0028227304574102163	0.001105284201912582	0.9999889135360718	-0.004565015435218811
-0.48371583223342896	6.777489185333252	-2.4244160652160645	0.056687116622924805	0.9663324356079102	1.0	0	0.0	0	0.0	0	0.002827804069966078	0.004561875015497208	0.9999856352806091	0.9999954700469971	-0.0011181774316355586	-0.00282273069024086	0.0011052843183279037	0.9999889731407166	-0.004565015435218811
-0.483907550573349	7.0092058181762695	-2.572383403778076	0.1185632199048996	0.1286681443452835	1.0	0	0.0	0	0.0	0	0.0	0.0	0.0	1.0	0.0	0.0	0.0	0.0	0.0
-0.477866530418396	7.007969856262207	-2.572394847869873	0.1185632199048996	0.1286681443452835	1.0	0	0.0	0	0.0	0	0.0	0.0	0.0	1.0	0.0	0.0	0.0	0.0	0.0
-0.48990970849990845	0.778362512588501	-2.5439417362213135	0.01818251609802246	0.8805093765258789	1.0	0	0.0	0	0.0	0	-0.0008930470794439316	-0.004565624054521322	-0.9999892115592957	0.9999994039535522	-0.0006222717929631472	-0.0008902151021175086	-0.0006182006909511983	-0.99998939037323	0.0045661767944693565
-0.477866530418396	7.007969856262207	-2.572394847869873	0.019036293029785156	0.0001735687255859375	1.0	0	0.0	0	0.0	0	-0.0008930470794439316	-0.004565624054521322	-0.9999892115592957	0.9999994039535522	-0.0006222717929631472	-0.0008902151021175086	-0.0006182006909511983	-0.99998939037323	0.0045661767944693565
-0.48500725626945496	0.7774551510810852	-2.5439419746398926	0.018875598907470703	0.8806371688842773	1.0	0	0.0	0	0.0	0	-0.0008930470794439316	-0.004565624054521322	-0.9999892115592957	0.9999994039535522	-0.0006222717929631472	-0.0008902151021175086	-0.0006182006909511983	-0.99998939037323	0.0045661767944693565
-0.48500725626945496	0.7774551510810852	-2.5439419746398926	0.0978030115365982	4.57763671875e-05	1.0	0	0.0	0	0.0	0	0.9999944567680359	-0.0011602912563830614	-0.0031112770084291697	-0.003116542473435402	-0.004563866648823023	-0.9999847412109375	0.0011460741516202688	0.9999889135360718	-0.00456745782867074
-0.477866530418396	7.007969856262207	-2.572394847869873	0.09780309349298477	0.8805093765258789	1.0	0	0.0	0	0.0	0	0.9999944567680359	-0.0011602912563830614	-0.0031112770084291697	-0.0031165427062660456	-0.004563866648823023	-0.9999848008155823	0.001146074035204947	0.999988853931427	-0.004567457363009453
-0.47767502069473267	6.7762532234191895	-2.4244275093078613	0.07704301178455353	0.8476696014404297	1.0	0	0.0	0	0.0	0	0.9999944567680359	-0.0011602912563830614	-0.0031112770084291697	-0.0031165427062660456	-0.004563866648823023	-0.9999848008155823	0.001146074035204947	0.999988853931427	-0.004567457363009453
-0.48371583223342896	6.777489185333252	-2.4244160652160645	0.056687116622924805	0.9663324356079102	1.0	0	0.0	0	0.0	0	0.11103186011314392	0.5349360704421997	0.8375651836395264	0.991820752620697	-0.00625574728474021	-0.12748533487319946	-0.06295690685510635	0.8448694348335266	-0.5312552452087402
-0.477866530418396	7.007969856262207	-2.572394847869873	0.057683706283569336	0.9998259544372559	1.0	0	0.0	0	0.0	0	0.11103186011314392	0.5349360704421997	0.8375651836395264	0.9918206930160522	-0.006255746353417635	-0.12748533487319946	-0.06295690685510635	0.8448693752288818	-0.5312552452087402
-0.483907550573349	7.0092058181762695	-2.572383403778076	0.05682969093322754	1.0	1.0	0	0.0	0	0.0	0	0.11103186011314392	0.5349360704421997	0.8375651836395264	0.9918206930160522	-0.006255746819078922	-0.12748533487319946	-0.06295690685510635	0.8448693752288818	-0.5312552452087402
-0.48990970849990845	0.778362512588501	-2.5439417362213135	0.1185632199048996	0.8805093765258789	1.0	0	0.0	0	0.0	0	-0.9999955892562866	0.0009761860128492117	0.0028243802953511477	-0.0028288071043789387	-0.0045636179856956005	-0.9999855756759644	-0.0009632825385779142	-0.9999891519546509	0.004566359333693981
-0.48371583223342896	6.777489185333252	-2.4244160652160645	0.09780309349298477	0.03283977508544922	1.0	0	0.0	0	0.0	0	-0.9999955892562866	0.0009761860128492117	0.0028243802953511477	-0.0028288071043789387	-0.004563617520034313	-0.9999855756759644	-0.0009632825385779142	-0.9999891519546509	0.004566358868032694
-0.483907550573349	7.0092058181762695	-2.572383403778076	0.1185632199048996	0.0	1.0	0	0.0	0	0.0	0	-0.9999955892562866	0.0009761860128492117	0.0028243802953511477	-0.0028288073372095823	-0.0045636179856956005	-0.9999856352806091	-0.0009632824803702533	-0.9999890923500061	0.004566358868032694
-0.532234251499176	-0.17373663187026978	-2.5394787788391113	0.13756322860717773	0.10575401037931442	1.0	0	0.0	0	0.0	0	-0.0009637413313612342	-0.9999891519546509	0.004564720671623945	0.9999955892562866	-0.0009766335133463144	-0.0028229241725057364	0.002827351214364171	0.004561979789286852	0.9999855756759644
-0.4427143931388855	-0.17315346002578735	-2.3928236961364746	0.15015482902526855	0.12651413679122925	1.0	0	0.0	0	0.0	0	-0.0009637413313612342	-0.9999891519546509	0.004564720671623945	0.9999955296516418	-0.0009766335133463144	-0.00282292440533638	0.0028273516800254583	0.004561979789286852	0.9999856352806091
-0.5318188667297363	-0.17306643724441528	-2.3925721645355225	0.13756322860717773	0.12651413679122925	1.0	0	0.0	0	0.0	0	-0.0009637413313612342	-0.9999891519546509	0.004564720671623945	0.9999955296516418	-0.0009766335133463144	-0.0028229241725057364	0.0028273514471948147	0.004561979789286852	0.9999856352806091
-0.4431297779083252	-0.17382359504699707	-2.5397303104400635	0.15015482902526855	0.10575401037931442	1.0	0	0.0	0	0.0	0	-0.000963072176091373	-0.9999890923500061	0.004564684350043535	0.9999955296516418	-0.0009759667445905507	-0.0028234594501554966	0.0028278836980462074	0.004561944864690304	0.9999855756759644
-0.5322725772857666	-0.17379844188690186	-2.553027629852295	0.13756322860717773	0.10383933037519455	1.0	0	0.0	0	0.0	0	-0.000963072176091373	-0.9999890923500061	0.004564684350043535	0.9999955296516418	-0.0009759667445905507	-0.0028234596829861403	0.002827883930876851	0.004561944864690304	0.9999855756759644
-0.4431680738925934	-0.17388540506362915	-2.553279161453247	0.15015482902526855	0.10383933782577515	1.0	0	0.0	0	0.0	0	-0.000963072176091373	-0.9999890923500061	0.004564684350043535	0.9999955296516418	-0.0009759667445905507	-0.0028234594501554966	0.0028278836980462074	0.004561944864690304	0.9999855756759644
-0.4430270195007324	-0.06719058752059937	-2.5402169227600098	0.1332685947418213	0.12675346434116364	1.0	0	0.0	0	0.0	0	0.0009643135708756745	0.9999891519546509	-0.004564609844237566	0.9999955296516418	-0.0009772259509190917	-0.0028274194337427616	-0.00283184926956892	-0.004561862908303738	-0.9999856352806091
-0.42763400077819824	-0.06726747751235962	-2.553809642791748	0.13544940948486328	0.12866812944412231	1.0	0	0.0	0	0.0	0	0.0009643135708756745	0.9999891519546509	-0.004564609844237566	0.9999955296516418	-0.0009772259509190917	-0.0028274194337427616	-0.00283184926956892	-0.004561862908303738	-0.9999856352806091
-0.443065345287323	-0.06725239753723145	-2.5537660121917725	0.1332685947418213	0.12866812944412231	1.0	0	0.0	0	0.0	0	0.0009643135708756745	0.9999891519546509	-0.004564609844237566	0.9999955892562866	-0.0009772259509190917	-0.0028274194337427616	-0.0028318490367382765	-0.004561862908303738	-0.9999855756759644
-0.4430270195007324	-0.06719058752059937	-2.5402169227600098	0.1332685947418213	0.12675346434116364	1.0	0	0.0	0	0.0	0	0.000963072816375643	0.9999891519546509	-0.004564606584608555	0.9999955296516418	-0.0009759644162841141	-0.002822871319949627	-0.0028272955678403378	-0.004561867564916611	-0.9999856352806091
-0.5321698188781738	-0.06716543436050415	-2.5535144805908203	0.12067699432373047	0.12866812944412231	1.0	0	0.0	0	0.0	0	0.000963072816375643	0.9999891519546509	-0.004564606584608555	0.9999955892562866	-0.000975964474491775	-0.002822871319949627	-0.002827295335009694	-0.004561867564916611	-0.9999855756759644
-0.5321314930915833	-0.06710362434387207	-2.5399653911590576	0.12067699432373047	0.12675346434116364	1.0	0	0.0	0	0.0	0	0.000963072816375643	0.9999891519546509	-0.004564606584608555	0.9999955892562866	-0.000975964474491775	-0.0028228715527802706	-0.0028272955678403378	-0.004561867564916611	-0.9999855756759644
-0.5314763188362122	0.5188978910446167	-2.5105538368225098	0.13686156272888184	0.16166125237941742	1.0	0	0.0	0	0.0	0	-0.0009767292067408562	-0.9999891519546509	0.0045644985511898994	0.9999952912330627	-0.0009899239521473646	-0.0028894059360027313	0.0028938930481672287	0.004561654757708311	0.99998539686203
-0.5296667814254761	0.5192901492118835	-2.4242308139801025	0.13708281517028809	0.1738606095314026	1.0	0	0.0	0	0.0	0	-0.0009767292067408562	-0.9999891519546509	0.0045644985511898994	0.9999953508377075	-0.0009899240685626864	-0.0028894059360027313	0.0028938930481672287	0.004561654757708311	0.9999854564666748
-0.5312322378158569	0.5192916989326477	-2.4242262840270996	0.13686156272888184	0.1738606095314026	1.0	0	0.0	0	0.0	0	-0.0009767292067408562	-0.9999891519546509	0.0045644985511898994	0.9999953508377075	-0.0009899240685626864	-0.0028894059360027313	0.0028938930481672287	0.004561654757708311	0.9999854564666748
-0.5312322378158569	0.5192916989326477	-2.4242262840270996	0.17166543006896973	0.17620563507080078	1.0	0	0.0	0	0.0	0	0.0027458746917545795	0.004564168397337198	0.9999858736991882	-0.9999963045120239	-8.837667701300234e-05	0.0027463065925985575	0.0001009100305964239	-0.9999896287918091	0.0045639085583388805
-0.5295921564102173	0.5967639088630676	-2.42458438873291	0.17144417762756348	0.1652669906616211	1.0	0	0.0	0	0.0	0	0.0027458746917545795	0.004564168397337198	0.9999858736991882	-0.9999961853027344	-8.837666973704472e-05	0.002746306359767914	0.00010091002332046628	-0.9999896287918091	0.0045639085583388805
-0.5311576128005981	0.5967654585838318	-2.4245800971984863	0.17166543006896973	0.165266752243042	1.0	0	0.0	0	0.0	0	0.0027458746917545795	0.004564168397337198	0.9999858736991882	-0.9999963045120239	-8.837667701300234e-05	0.0027463065925985575	0.0001009100305964239	-0.9999896287918091	0.0045639085583388805
-0.5311576128005981	0.5967654585838318	-2.4245800971984863	0.13686156272888184	0.14946188032627106	1.0	0	0.0	0	0.0	0	0.0009774243226274848	0.9999891519546509	-0.004564513452351093	0.9999958276748657	-0.000989951891824603	-0.002743104472756386	-0.002747592981904745	-0.004561812616884708	-0.9999858140945435
-0.5298362374305725	0.5963701009750366	-2.510911703109741	0.13708281517028809	0.16166125237941742	1.0	0	0.0	0	0.0	0	0.0009774243226274848	0.9999891519546509	-0.004564513452351093	0.9999958276748657	-0.000989951891824603	-0.0027431047055870295	-0.0027475932147353888	-0.004561812616884708	-0.9999858140945435
-0.5314016938209534	0.5963716506958008	-2.5109074115753174	0.13686156272888184	0.16166125237941742	1.0	0	0.0	0	0.0	0	0.0009774243226274848	0.9999891519546509	-0.004564513452351093	0.9999958276748657	-0.000989951891824603	-0.002743104938417673	-0.0027475934475660324	-0.004561812616884708	-0.9999858140945435
-0.5298362374305725	0.5963701009750366	-2.510911703109741	0.17241477966308594	0.0317082405090332	1.0	0	0.0	0	0.0	0	-0.002745874924585223	-0.004561090376228094	-0.9999858140945435	-0.999995768070221	0.0009899440919980407	0.002741386881098151	0.0009774263016879559	0.9999890923500061	-0.00456378934904933
-0.5314763188362122	0.5188978910446167	-2.5105538368225098	0.1726360321044922	0.020760059356689453	1.0	0	0.0	0	0.0	0	-0.002745874924585223	-0.004561090376228094	-0.9999858140945435	-0.9999958276748657	0.0009899442084133625	0.002741386881098151	0.0009774264181032777	0.9999891519546509	-0.00456378934904933
-0.5314016938209534	0.5963716506958008	-2.5109074115753174	0.1726360321044922	0.0317082405090332	1.0	0	0.0	0	0.0	0	-0.002745874924585223	-0.004561090376228094	-0.9999858140945435	-0.999995768070221	0.0009899440919980407	0.002741386881098151	0.0009774263016879559	0.9999890923500061	-0.00456378934904933
-0.5314763188362122	0.5188978910446167	-2.5105538368225098	0.13686156272888184	0.16166125237941742	1.0	0	0.0	0	0.0	0	-0.0009640884236432612	-0.9999890923500061	0.004563788417726755	0.9999955296516418	-0.0009770081378519535	-0.002829514676705003	0.002833942649886012	0.004561040084809065	0.9999855756759644
-0.5500221252441406	0.5193099975585938	-2.424173355102539	0.13420629501342773	0.1738606095314026	1.0	0	0.0	0	0.0	0	-0.0009640884236432612	-0.9999890923500061	0.004563788417726755	0.9999955296516418	-0.0009770081378519535	-0.002829514676705003	0.002833942649886012	0.004561040084809065	0.9999855756759644
-0.5502665042877197	0.5189162492752075	-2.51050066947937	0.13420629501342773	0.16166125237941742	1.0	0	0.0	0	0.0	0	-0.0009640884236432612	-0.9999890923500061	0.004563788417726755	0.9999955892562866	-0.0009770081378519535	-0.0028295149095356464	0.0028339428827166557	0.004561040550470352	0.9999856352806091
-0.5296667814254761	0.5192901492118835	-2.4242308139801025	0.1674044132232666	0.11603869497776031	1.0	0	0.0	0	0.0	0	0.9999955296516418	-0.0009761085384525359	-0.0028229248709976673	0.0009632190922275186	0.9999890923500061	-0.004563750233501196	0.0028273488860577345	0.0045610107481479645	0.9999855756759644
-0.5298362374305725	0.5963701009750366	-2.510911703109741	0.17835259437561035	0.10383932292461395	1.0	0	0.0	0	0.0	0	0.9999955296516418	-0.0009761085384525359	-0.0028229248709976673	0.0009632191504351795	0.9999891519546509	-0.004563750233501196	0.0028273488860577345	0.0045610107481479645	0.9999856352806091
-0.5295921564102173	0.5967639088630676	-2.42458438873291	0.17835259437561035	0.11603869497776031	1.0	0	0.0	0	0.0	0	0.9999955296516418	-0.0009761085384525359	-0.0028229248709976673	0.0009632191504351795	0.9999891519546509	-0.004563750233501196	0.0028273488860577345	0.0045610107481479645	0.9999856352806091
-0.5500221252441406	0.5193099975585938	-2.424173355102539	0.17103147506713867	0.09500834345817566	1.0	0	0.0	0	0.0	0	-0.9999954700469971	0.0009799717226997018	0.00282636028714478	-0.000967066443990916	-0.9999890923500061	0.004563786089420319	0.0028308022301644087	0.004561032634228468	0.9999856352806091
-0.5501915812492371	0.5963899493217468	-2.5108542442321777	0.16008329391479492	0.0828089714050293	1.0	0	0.0	0	0.0	0	-0.9999954700469971	0.0009799717226997018	0.00282636028714478	-0.0009670665604062378	-0.9999891519546509	0.004563786555081606	0.002830801997333765	0.004561032634228468	0.9999855756759644
-0.5502665042877197	0.5189162492752075	-2.51050066947937	0.17103147506713867	0.0828089714050293	1.0	0	0.0	0	0.0	0	-0.9999954700469971	0.0009799717226997018	0.00282636028714478	-0.0009670665604062378	-0.9999891519546509	0.004563786555081606	0.002830801997333765	0.004561032634228468	0.9999855756759644
-0.5314016938209534	0.5963716506958008	-2.5109074115753174	0.13686156272888184	0.16166125237941742	1.0	0	0.0	0	0.0	0	0.0009609289700165391	0.9999891519546509	-0.0045644668862223625	0.9999955892562866	-0.0009738518274389207	-0.0028298122342675924	-0.002834226470440626	-0.004561726935207844	-0.9999855756759644
-0.5499475002288818	0.5967837572097778	-2.4245269298553467	0.13420629501342773	0.14946188032627106	1.0	0	0.0	0	0.0	0	0.0009609289700165391	0.9999891519546509	-0.0045644668862223625	0.9999955296516418	-0.0009738518274389207	-0.0028298122342675924	-0.00283422670327127	-0.004561726935207844	-0.9999856352806091
-0.5311576128005981	0.5967654585838318	-2.4245800971984863	0.13686156272888184	0.14946188032627106	1.0	0	0.0	0	0.0	0	0.0009609289700165391	0.9999891519546509	-0.0045644668862223625	0.9999955296516418	-0.0009738518274389207	-0.0028298122342675924	-0.00283422670327127	-0.004561726935207844	-0.9999856352806091
-0.5314763188362122	0.5188978910446167	-2.5105538368225098	0.1726360321044922	0.020760059356689453	1.0	0	0.0	0	0.0	0	-0.0028339731507003307	-0.0045610046945512295	-0.9999855756759644	-0.9999955296516418	0.0009739191737025976	0.0028295593801885843	0.0009609995177015662	0.9999891519546509	-0.004563744179904461
-0.5501915812492371	0.5963899493217468	-2.5108542442321777	0.1752912998199463	0.0317082405090332	1.0	0	0.0	0	0.0	0	-0.0028339731507003307	-0.0045610046945512295	-0.9999855756759644	-0.9999954700469971	0.0009739191154949367	0.0028295591473579407	0.0009609994594939053	0.9999890923500061	-0.004563744179904461
-0.5314016938209534	0.5963716506958008	-2.5109074115753174	0.1726360321044922	0.0317082405090332	1.0	0	0.0	0	0.0	0	-0.0028339731507003307	-0.0045610046945512295	-0.9999855756759644	-0.9999955296516418	0.0009739192319102585	0.0028295593801885843	0.0009609995759092271	0.9999891519546509	-0.004563744179904461
-0.5312322378158569	0.5192916989326477	-2.4242262840270996	0.17166543006896973	0.17620563507080078	1.0	0	0.0	0	0.0	0	0.0028212848119437695	0.004561017267405987	0.9999856948852539	-0.9999958276748657	0.0007042524521239102	0.00281810131855309	-0.0006913888501003385	-0.9999893307685852	0.004562984686344862
-0.5499475002288818	0.5967837572097778	-2.4245269298553467	0.17432069778442383	0.1652660369873047	1.0	0	0.0	0	0.0	0	0.0028212848119437695	0.004561017267405987	0.9999856948852539	-0.999995768070221	0.0007042524521239102	0.00281810131855309	-0.0006913889083079994	-0.99998939037323	0.004562985152006149
-0.5500221252441406	0.5193099975585938	-2.424173355102539	0.17432069778442383	0.17620491981506348	1.0	0	0.0	0	0.0	0	0.0028212848119437695	0.004561017267405987	0.9999856948852539	-0.9999958276748657	0.0007042524521239102	0.00281810131855309	-0.0006913888501003385	-0.9999893307685852	0.004562984686344862
-0.5313776135444641	0.36842086911201477	-2.4235377311706543	0.17409944534301758	0.1652662456035614	1.0	0	0.0	0	0.0	0	-0.0009641548967920244	-0.9999891519546509	0.004564820788800716	0.9999955892562866	-0.000977018498815596	-0.0028165990952402353	0.002821028232574463	0.004562085028737783	0.9999856948852539
-0.5504116415977478	0.3680453896522522	-2.509812116622925	0.17144417762756348	0.15306687355041504	1.0	0	0.0	0	0.0	0	-0.0009641548967920244	-0.9999891519546509	0.004564820788800716	0.9999955892562866	-0.000977018498815596	-0.002816599328070879	0.0028210284654051065	0.004562085028737783	0.9999856948852539
-0.5316216945648193	0.3680270314216614	-2.5098650455474854	0.17409944534301758	0.15306687355041504	1.0	0	0.0	0	0.0	0	-0.0009641548967920244	-0.9999891519546509	0.004564820788800716	0.9999955296516418	-0.000977018498815596	-0.0028165990952402353	0.002821028232574463	0.004562084563076496	0.9999856352806091
-0.5297374725341797	0.4458930790424347	-2.423895835876465	0.17103171348571777	0.07060959935188293	1.0	0	0.0	0	0.0	0	-0.9999955892562866	0.0009768864838406444	0.002822913695126772	-0.0009639883646741509	-0.9999891519546509	0.004566827788949013	0.0028273439966142178	0.004564085975289345	0.9999855756759644
-0.5300562381744385	0.3680255115032196	-2.5098695755004883	0.18197989463806152	0.05841023102402687	1.0	0	0.0	0	0.0	0	-0.9999955892562866	0.0009768864838406444	0.002822913695126772	-0.0009639882482588291	-0.9999890923500061	0.004566827788949013	0.0028273442294448614	0.004564086440950632	0.9999856352806091
-0.5298121571540833	0.3684193193912506	-2.423542022705078	0.18197989463806152	0.07060959935188293	1.0	0	0.0	0	0.0	0	-0.9999955892562866	0.0009768864838406444	0.002822913695126772	-0.0009639882482588291	-0.9999890923500061	0.004566827788949013	0.0028273442294448614	0.004564086440950632	0.9999856352806091
-0.550092875957489	0.4459129571914673	-2.4238383769989014	0.16008353233337402	0.07060959935188293	1.0	0	0.0	0	0.0	0	-0.9999955892562866	0.0009761203546077013	0.002823607763275504	-0.0009632190922275186	-0.9999891519546509	0.004566827788949013	0.002828034572303295	0.004564087372273207	0.9999855756759644
-0.5504116415977478	0.3680453896522522	-2.509812116622925	0.17103171348571777	0.05841023102402687	1.0	0	0.0	0	0.0	0	-0.9999955892562866	0.0009761203546077013	0.002823607763275504	-0.0009632190340198576	-0.9999890923500061	0.004566827788949013	0.002828034805133939	0.004564087837934494	0.9999856352806091
-0.5501675009727478	0.3684391975402832	-2.4234845638275146	0.17103171348571777	0.07060959935188293	1.0	0	0.0	0	0.0	0	-0.9999955892562866	0.0009761203546077013	0.002823607763275504	-0.0009632190340198576	-0.9999890923500061	0.004566827788949013	0.002828034805133939	0.004564087837934494	0.9999856352806091
-0.5313029289245605	0.44589462876319885	-2.423891305923462	0.17368698120117188	0.0862528532743454	1.0	0	0.0	0	0.0	0	0.0009625711827538908	0.9999891519546509	-0.004564471077173948	0.9999955892562866	-0.0009754349594004452	-0.002816862193867564	-0.002821283880621195	-0.004561739508062601	-0.9999856948852539
-0.5503369569778442	0.4455191493034363	-2.5101656913757324	0.17103171348571777	0.09845222532749176	1.0	0	0.0	0	0.0	0	0.0009625711827538908	0.9999891519546509	-0.004564471077173948	0.9999955892562866	-0.0009754349594004452	-0.002816862193867564	-0.002821283880621195	-0.004561739508062601	-0.9999856948852539
-0.550092875957489	0.4459129571914673	-2.4238383769989014	0.17103171348571777	0.0862528532743454	1.0	0	0.0	0	0.0	0	0.0009625711827538908	0.9999891519546509	-0.004564471077173948	0.9999955296516418	-0.0009754349011927843	-0.0028168619610369205	-0.002821283647790551	-0.004561739042401314	-0.9999856352806091
-0.5316216945648193	0.3680270314216614	-2.5098650455474854	0.17366552352905273	0.0	1.0	0	0.0	0	0.0	0	-0.0028212994802743196	-0.004561017267405987	-0.9999856948852539	-0.9999955296516418	0.0009770317701622844	0.0028168712742626667	0.0009641700307838619	0.9999891519546509	-0.004563753493130207
-0.5503369569778442	0.4455191493034363	-2.5101656913757324	0.17632079124450684	0.01094818115234375	1.0	0	0.0	0	0.0	0	-0.0028212994802743196	-0.004561017267405987	-0.9999856948852539	-0.9999955296516418	0.0009770316537469625	0.0028168712742626667	0.0009641698561608791	0.9999891519546509	-0.004563753493130207
-0.5315470695495605	0.44550079107284546	-2.510218620300293	0.17366552352905273	0.01094818115234375	1.0	0	0.0	0	0.0	0	-0.0028212994802743196	-0.004561017267405987	-0.9999856948852539	-0.9999955296516418	0.0009770316537469625	0.0028168712742626667	0.0009641698561608791	0.9999891519546509	-0.004563753493130207
-0.5313776135444641	0.36842086911201477	-2.4235377311706543	0.17409944534301758	0.16400647163391113	1.0	0	0.0	0	0.0	0	0.0028339833952486515	0.004564081784337759	0.9999855756759644	-0.999995768070221	0.0007058386108838022	0.002830790588632226	-0.0006929084775038064	-0.99998939037323	0.0045660631731152534
-0.550092875957489	0.4459129571914673	-2.4238383769989014	0.17675471305847168	0.15306687355041504	1.0	0	0.0	0	0.0	0	0.0028339833952486515	0.004564081784337759	0.9999855756759644	-0.999995768070221	0.0007058386690914631	0.002830790588632226	-0.0006929085357114673	-0.99998939037323	0.0045660631731152534
-0.5501675009727478	0.3684391975402832	-2.4234845638275146	0.17675471305847168	0.16400575637817383	1.0	0	0.0	0	0.0	0	0.0028339833952486515	0.004564081784337759	0.9999855756759644	-0.999995768070221	0.0007058386108838022	0.002830790588632226	-0.0006929084775038064	-0.99998939037323	0.0045660631731152534
-0.5317664742469788	0.21776723861694336	-2.50917911529541	0.17409944534301758	0.14086750149726868	1.0	0	0.0	0	0.0	0	-0.0009641594369895756	-0.9999890923500061	0.004564463160932064	0.9999955296516418	-0.0009770233882591128	-0.002816871041432023	0.002821299945935607	0.004561726935207844	0.9999855756759644
-0.5503122806549072	0.21817940473556519	-2.4227986335754395	0.17144417762756348	0.15306687355041504	1.0	0	0.0	0	0.0	0	-0.0009641594369895756	-0.9999890923500061	0.004564463160932064	0.9999955892562866	-0.0009770233882591128	-0.0028168712742626667	0.0028213001787662506	0.004561727400869131	0.9999856352806091
-0.5505563616752625	0.21778559684753418	-2.5091261863708496	0.17144417762756348	0.14086750149726868	1.0	0	0.0	0	0.0	0	-0.0009641594369895756	-0.9999890923500061	0.004564463160932064	0.9999955296516418	-0.0009770233882591128	-0.002816871041432023	0.002821299945935607	0.004561726935207844	0.9999855756759644
-0.5298822522163391	0.2956332862377167	-2.4232099056243896	0.1674044132232666	0.12823806703090668	1.0	0	0.0	0	0.0	0	-0.9999955296516418	0.0009768777526915073	0.002822921611368656	-0.0009639883646741509	-0.9999891519546509	0.004563750699162483	0.002827349118888378	0.004561008885502815	0.9999856352806091
-0.5302010178565979	0.2177657186985016	-2.509183645248413	0.17835259437561035	0.11603870242834091	1.0	0	0.0	0	0.0	0	-0.9999955296516418	0.0009768777526915073	0.002822921611368656	-0.0009639882482588291	-0.9999890923500061	0.004563750233501196	0.002827349118888378	0.004561008419841528	0.9999855756759644
-0.5299569368362427	0.2181595265865326	-2.422856330871582	0.17835259437561035	0.12823806703090668	1.0	0	0.0	0	0.0	0	-0.9999955296516418	0.0009768777526915073	0.002822921611368656	-0.0009639883646741509	-0.9999891519546509	0.004563750699162483	0.002827349118888378	0.004561008885502815	0.9999856352806091
-0.5502376556396484	0.29565316438674927	-2.423152446746826	0.16008353233337402	0.0828089714050293	1.0	0	0.0	0	0.0	0	-0.9999955892562866	0.0009761170949786901	0.0028229174204170704	-0.0009632189758121967	-0.9999891519546509	0.0045668282546103	0.0028273442294448614	0.004564088769257069	0.9999855756759644
