66	24	1
-2.2413976192474365	2.114543914794922	-0.5648083686828613	0.013402223587036133	1.0	1.0	0	0.0	0	0.0	0	-0.7296848297119141	0.005232576746493578	0.6837635636329651	-0.04816608875989914	0.9970934391021729	-0.059031274169683456	-0.6820850372314453	-0.07600843906402588	-0.7273119688034058
6.338069438934326	2.9846088886260986	8.58419418334961	0.006725311279296875	0.02695751190185547	1.0	0	0.0	0	0.0	0	-0.7296848297119141	0.005232576746493578	0.6837635636329651	-0.04816608875989914	0.9970934391021729	-0.059031274169683456	-0.6820850372314453	-0.07600843906402588	-0.7273119688034058
6.571487903594971	3.0971145629882812	8.832427978515625	0.013402223587036133	0.0	1.0	0	0.0	0	0.0	0	-0.7296848297119141	0.005232576746493578	0.6837635636329651	-0.04816609248518944	0.9970934987068176	-0.059031274169683456	-0.6820850968360901	-0.07600843906402588	-0.7273119688034058
-2.251812219619751	2.1146187782287598	-0.555048942565918	0.0067250728607177734	0.0	1.0	0	0.0	0	0.0	0	0.7160608768463135	0.13236244022846222	-0.6853736639022827	-0.14839188754558563	0.9882795214653015	0.03582492470741272	0.6820825934410095	0.07605106383562088	0.7273098230361938
6.561072826385498	3.097188949584961	8.84218692779541	0.006725311279296875	1.0	1.0	0	0.0	0	0.0	0	0.7160608768463135	0.13236244022846222	-0.6853736639022827	-0.14839190244674683	0.9882795214653015	0.035824913531541824	0.6820825934410095	0.07605108618736267	0.7273098230361938
6.336421489715576	2.9846205711364746	8.585737228393555	0.0	0.9730421304702759	1.0	0	0.0	0	0.0	0	0.7160608768463135	0.13236244022846222	-0.6853736639022827	-0.14839188754558563	0.9882795214653015	0.03582492470741272	0.6820825934410095	0.07605106383562088	0.7273098230361938
6.571487903594971	3.0971145629882812	8.832427978515625	0.04338804632425308	0.010045523755252361	1.0	0	0.0	0	0.0	0	0.0	0.0	0.0	1.0	0.0	0.0	0.0	0.0	0.0
6.561072826385498	3.097188949584961	8.84218692779541	0.04338804632425308	0.010045523755252361	1.0	0	0.0	0	0.0	0	0.0	0.0	0.0	1.0	0.0	0.0	0.0	0.0	0.0
-2.2413976192474365	2.114543914794922	-0.5648083686828613	0.013402104377746582	1.0	1.0	0	0.0	0	0.0	0	0.04818526655435562	-0.9970905780792236	0.059065476059913635	-0.7296760678291321	0.00524298707023263	0.68377286195755	-0.6820931434631348	-0.07604643702507019	-0.7273004651069641
6.561072826385498	3.097188949584961	8.84218692779541	0.014506816864013672	0.0	1.0	0	0.0	0	0.0	0	0.04818526655435562	-0.9970905780792236	0.059065476059913635	-0.7296760678291321	0.005242991726845503	0.6837729215621948	-0.6820931434631348	-0.0760464295744896	-0.7273004055023193
-2.251812219619751	2.1146187782287598	-0.555048942565918	0.014506816864013672	1.0	1.0	0	0.0	0	0.0	0	0.04818526655435562	-0.9970905780792236	0.059065476059913635	-0.7296760678291321	0.005242991726845503	0.6837729215621948	-0.6820931434631348	-0.0760464295744896	-0.7273004055023193
6.571487903594971	3.0971145629882812	8.832427978515625	0.014506816864013672	0.997279942035675	1.0	0	0.0	0	0.0	0	-0.2107677161693573	0.94956374168396	-0.232176274061203	-0.7296373844146729	0.00524596543982625	0.6838140487670898	0.6505430340766907	0.31353041529655457	0.6917315721511841
6.336421489715576	2.9846205711364746	8.585737228393555	0.014681577682495117	0.9698714017868042	1.0	0	0.0	0	0.0	0	-0.2107677161693573	0.94956374168396	-0.232176274061203	-0.7296374440193176	0.005245979409664869	0.6838141083717346	0.6505430340766907	0.31353041529655457	0.6917315125465393
6.561072826385498	3.097188949584961	8.84218692779541	0.015611410140991211	0.9972798228263855	1.0	0	0.0	0	0.0	0	-0.2107677161693573	0.94956374168396	-0.232176274061203	-0.7296374440193176	0.005245964974164963	0.6838140487670898	0.6505429744720459	0.31353041529655457	0.6917315721511841
-2.2388880252838135	2.028538703918457	-0.5581686496734619	0.014682650566101074	0.0	1.0	0	0.0	0	0.0	0	-0.048148930072784424	0.9970924854278564	-0.05906134471297264	-0.7296320199966431	0.00527163315564394	0.6838196516036987	0.6821427941322327	0.07601822912693024	0.7272568345069885
6.338069438934326	2.9846088886260986	8.58419418334961	0.014506816864013672	0.9698715209960938	1.0	0	0.0	0	0.0	0	-0.048148930072784424	0.9970924854278564	-0.05906134471297264	0.0	0.0	0.0	0.0	0.0	0.0
-2.2372400760650635	2.028526782989502	-0.5597131252288818	0.014507889747619629	0.0	1.0	0	0.0	0	0.0	0	-0.048148930072784424	0.9970924854278564	-0.05906134471297264	-0.7296320796012878	0.005271630361676216	0.6838196516036987	0.6821427345275879	0.07601822912693024	0.7272568345069885
-1.4408671855926514	2.234738349914551	0.34783506393432617	0.039533257484436035	0.0	1.0	0	0.0	0	0.0	0	0.04819270595908165	-0.9970905184745789	0.059059545397758484	-0.7296872735023499	0.005232237279415131	0.6837610006332397	-0.6820805668830872	-0.07604728639125824	-0.7273120880126953
-2.2632172107696533	2.138739824295044	-0.6018500328063965	0.03567850589752197	0.09743607044219971	1.0	0	0.0	0	0.0	0	0.04819270595908165	-0.9970905184745789	0.059059545397758484	-0.7296872735023499	0.005232237745076418	0.6837610602378845	-0.6820805668830872	-0.07604727894067764	-0.7273120284080505
-1.404524564743042	2.2344777584075928	0.3137798309326172	0.03567850589752197	0.0	1.0	0	0.0	0	0.0	0	0.04819270595908165	-0.9970905184745789	0.059059545397758484	-0.7296872735023499	0.005232237745076418	0.6837610602378845	-0.6820805668830872	-0.07604727894067764	-0.7273120284080505
-2.2632172107696533	2.138739824295044	-0.6018500328063965	0.0433880090713501	0.0	1.0	0	0.0	0	0.0	0	0.682083249092102	0.07604677230119705	0.7273096442222595	-0.7296848297119141	0.005232241470366716	0.6837636828422546	0.04819256439805031	-0.9970905780792236	0.05905900150537491
-2.293304681777954	2.009584665298462	-0.5601291656494141	0.04724276065826416	0.010045528411865234	1.0	0	0.0	0	0.0	0	0.682083249092102	0.07604677230119705	0.7273096442222595	-0.7296848297119141	0.00523224426433444	0.6837636828422546	0.04819256067276001	-0.9970905780792236	0.05905900150537491
-2.2569620609283447	2.009324073791504	-0.5941846370697021	0.0433880090713501	0.010045528411865234	1.0	0	0.0	0	0.0	0	0.682083249092102	0.07604677230119705	0.7273096442222595	-0.7296848297119141	0.00523224426433444	0.6837636828422546	0.04819256067276001	-0.9970905780792236	0.05905900523066521
-2.293304681777954	2.009584665298462	-0.5601291656494141	0.0433880090713501	0.0	1.0	0	0.0	0	0.0	0	-0.04819276183843613	0.9970905780792236	-0.059059083461761475	-0.7296848893165588	0.005232145544141531	0.6837636232376099	0.6820831894874573	0.07604697346687317	0.7273097038269043
-1.3982694149017334	2.1050617694854736	0.3214454650878906	0.039533257484436035	0.09711861610412598	1.0	0	0.0	0	0.0	0	-0.04819276183843613	0.9970905780792236	-0.059059083461761475	-0.7296848893165588	0.005232145544141531	0.6837636232376099	0.6820831894874573	0.07604697346687317	0.7273097038269043
-2.2569620609283447	2.009324073791504	-0.5941846370697021	0.039533257484436035	0.0	1.0	0	0.0	0	0.0	0	-0.04819276183843613	0.9970905780792236	-0.059059083461761475	-0.7296848297119141	0.0052321492694318295	0.6837636232376099	0.682083249092102	0.07604697346687317	0.7273097038269043
-2.2569620609283447	2.009324073791504	-0.5941846370697021	0.025656938552856445	0.0	1.0	0	0.0	0	0.0	0	-0.7296850085258484	0.0052312626503407955	0.6837635040283203	0.048193249851465225	-0.9970905184745789	0.05905833840370178	0.682083010673523	0.07604676485061646	0.7273098826408386
-1.404524564743042	2.2344777584075928	0.3137798309326172	0.015611410140991211	0.09743607044219971	1.0	0	0.0	0	0.0	0	-0.7296850085258484	0.0052312626503407955	0.6837635040283203	0.048193249851465225	-0.9970905184745789	0.059058334678411484	0.682083010673523	0.07604676485061646	0.7273098826408386
-2.2632172107696533	2.138739824295044	-0.6018500328063965	0.015611410140991211	0.0	1.0	0	0.0	0	0.0	0	-0.7296850085258484	0.0052312626503407955	0.6837635040283203	0.048193249851465225	-0.9970905184745789	0.05905833840370178	0.682083010673523	0.07604676485061646	0.7273098826408386
-2.2995598316192627	2.139000654220581	-0.5677947998046875	0.03567838668823242	0.0	1.0	0	0.0	0	0.0	0	0.7296850085258484	-0.00523271132260561	-0.6837634444236755	-0.04819301515817642	0.9970904588699341	-0.059060197323560715	0.6820830702781677	0.07604795694351196	0.7273097634315491
-1.4346120357513428	2.1053223609924316	0.3555006980895996	0.025656938552856445	0.09743607044219971	1.0	0	0.0	0	0.0	0	0.7296850085258484	-0.00523271132260561	-0.6837634444236755	-0.04819301515817642	0.9970905184745789	-0.05906020104885101	0.6820830702781677	0.07604796439409256	0.7273097634315491
-2.293304681777954	2.009584665298462	-0.5601291656494141	0.025656938552856445	0.0	1.0	0	0.0	0	0.0	0	0.7296850085258484	-0.00523271132260561	-0.6837634444236755	-0.048193007707595825	0.9970904588699341	-0.059060197323560715	0.6820830702781677	0.07604795694351196	0.7273097634315491
-2.2413976192474365	2.114543914794922	-0.5648083686828613	0.013402223587036133	1.0	1.0	0	0.0	0	0.0	0	-0.7296849489212036	0.005234360229223967	0.6837635040283203	-0.048193253576755524	0.9970902800559998	-0.05906285345554352	-0.6820830702781677	-0.0760500580072403	-0.7273094654083252
-2.2372400760650635	2.028526782989502	-0.5597131252288818	0.006725311279296875	1.0	1.0	0	0.0	0	0.0	0	-0.7296849489212036	0.005234360229223967	0.6837635040283203	-0.04819326102733612	0.9970902800559998	-0.059062857180833817	-0.6820830702781677	-0.07605006545782089	-0.7273094654083252
6.338069438934326	2.9846088886260986	8.58419418334961	0.006725311279296875	0.02695751190185547	1.0	0	0.0	0	0.0	0	-0.7296849489212036	0.005234360229223967	0.6837635040283203	-0.04819325730204582	0.9970902800559998	-0.05906285345554352	-0.6820830702781677	-0.0760500580072403	-0.7273094654083252
6.571487903594971	3.0971145629882812	8.832427978515625	0.013402223587036133	0.0	1.0	0	0.0	0	0.0	0	0.0	0.0	0.0	1.0	0.0	0.0	0.0	0.0	0.0
-2.2413976192474365	2.114543914794922	-0.5648083686828613	0.013402223587036133	1.0	1.0	0	0.0	0	0.0	0	0.0	0.0	0.0	1.0	0.0	0.0	0.0	0.0	0.0
6.336421489715576	2.9846205711364746	8.585737228393555	0.0	0.9730421304702759	1.0	0	0.0	0	0.0	0	0.7160626649856567	0.13235001266002655	-0.6853741407394409	-0.14837893843650818	0.9882816672325134	0.03582055866718292	0.6820835471153259	0.07604532688856125	0.72730952501297
-2.2388880252838135	2.028538703918457	-0.5581686496734619	0.0	0.0	1.0	0	0.0	0	0.0	0	0.7160626649856567	0.13235001266002655	-0.6853741407394409	-0.14837892353534698	0.9882816076278687	0.035820551216602325	0.6820835471153259	0.07604531943798065	0.7273095846176147
-2.251812219619751	2.1146187782287598	-0.555048942565918	0.0067250728607177734	0.0	1.0	0	0.0	0	0.0	0	0.7160626649856567	0.13235001266002655	-0.6853741407394409	-0.14837893843650818	0.9882816672325134	0.03582055866718292	0.6820835471153259	0.07604532688856125	0.72730952501297
6.561072826385498	3.097188949584961	8.84218692779541	0.006725311279296875	1.0	1.0	0	0.0	0	0.0	0	0.0	0.0	0.0	1.0	0.0	0.0	0.0	0.0	0.0
6.336421489715576	2.9846205711364746	8.585737228393555	0.0	0.9730421304702759	1.0	0	0.0	0	0.0	0	0.0	0.0	0.0	1.0	0.0	0.0	0.0	0.0	0.0
-2.2413976192474365	2.114543914794922	-0.5648083686828613	0.013402104377746582	1.0	1.0	0	0.0	0	0.0	0	0.04820583015680313	-0.9970905780792236	0.05904709920287132	-0.7296753525733948	0.005215427838265896	0.6837738156318665	-0.6820924282073975	-0.07604710012674332	-0.7273010015487671
6.571487903594971	3.0971145629882812	8.832427978515625	0.013402104377746582	0.0	1.0	0	0.0	0	0.0	0	0.04820583015680313	-0.9970905780792236	0.05904709920287132	-0.7296754121780396	0.005215424578636885	0.6837738156318665	-0.6820924282073975	-0.07604710012674332	-0.7273010611534119
6.561072826385498	3.097188949584961	8.84218692779541	0.014506816864013672	0.0	1.0	0	0.0	0	0.0	0	0.04820583015680313	-0.9970905780792236	0.05904709920287132	-0.7296754121780396	0.005215424578636885	0.6837738156318665	-0.6820924282073975	-0.07604710012674332	-0.7273010611534119
6.571487903594971	3.0971145629882812	8.832427978515625	0.014506816864013672	0.997279942035675	1.0	0	0.0	0	0.0	0	-0.21071338653564453	0.9495630860328674	-0.23222799599170685	-0.7294981479644775	0.005391949322074652	0.6839615702629089	0.6507168412208557	0.31352975964546204	0.6915683150291443
6.338069438934326	2.9846088886260986	8.58419418334961	0.014506816864013672	0.9698715209960938	1.0	0	0.0	0	0.0	0	-0.21071338653564453	0.9495630860328674	-0.23222799599170685	-0.7294981479644775	0.005391934886574745	0.6839615702629089	0.6507167816162109	0.31352972984313965	0.6915683150291443
6.336421489715576	2.9846205711364746	8.585737228393555	0.014681577682495117	0.9698714017868042	1.0	0	0.0	0	0.0	0	-0.21071338653564453	0.9495630860328674	-0.23222799599170685	-0.7294981479644775	0.005391948856413364	0.6839615702629089	0.6507168412208557	0.31352972984313965	0.6915683150291443
-2.2388880252838135	2.028538703918457	-0.5581686496734619	0.014682650566101074	0.0	1.0	0	0.0	0	0.0	0	-0.04821324348449707	0.9970906972885132	-0.05904007330536842	0.0	0.0	0.0	0.0	0.0	0.0
6.336421489715576	2.9846205711364746	8.585737228393555	0.014681577682495117	0.9698714017868042	1.0	0	0.0	0	0.0	0	-0.04821324348449707	0.9970906972885132	-0.05904007330536842	-0.7293784618377686	0.0052382852882146835	0.6840903759002686	0.6824093461036682	0.07604476809501648	0.7270038723945618
6.338069438934326	2.9846088886260986	8.58419418334961	0.014506816864013672	0.9698715209960938	1.0	0	0.0	0	0.0	0	-0.04821324348449707	0.9970906972885132	-0.05904007330536842	-0.7293785214424133	0.005238281097263098	0.6840903759002686	0.6824093461036682	0.07604476809501648	0.7270039319992065
-1.4408671855926514	2.234738349914551	0.34783506393432617	0.039533257484436035	0.0	1.0	0	0.0	0	0.0	0	0.04818914458155632	-0.9970905184745789	0.05906260386109352	-0.7296874523162842	0.0052369125187397	0.6837607622146606	-0.6820806264877319	-0.07604708522558212	-0.7273120284080505
-2.2995598316192627	2.139000654220581	-0.5677947998046875	0.039533257484436035	0.09743607044219971	1.0	0	0.0	0	0.0	0	0.04818914458155632	-0.9970905184745789	0.05906260386109352	-0.7296874523162842	0.0052369157783687115	0.6837607622146606	-0.6820806860923767	-0.07604708522558212	-0.7273120880126953
-2.2632172107696533	2.138739824295044	-0.6018500328063965	0.03567850589752197	0.09743607044219971	1.0	0	0.0	0	0.0	0	0.04818914458155632	-0.9970905184745789	0.05906260386109352	-0.729687511920929	0.005236909259110689	0.6837607622146606	-0.6820806860923767	-0.07604709267616272	-0.7273121476173401
-2.2632172107696533	2.138739824295044	-0.6018500328063965	0.0433880090713501	0.0	1.0	0	0.0	0	0.0	0	0.682080864906311	0.07604797184467316	0.7273117303848267	-0.7296872138977051	0.005236944183707237	0.6837610602378845	0.048189759254455566	-0.9970904588699341	0.05906325951218605
-2.2995598316192627	2.139000654220581	-0.5677947998046875	0.04724276065826416	0.0	1.0	0	0.0	0	0.0	0	0.682080864906311	0.07604797184467316	0.7273117303848267	-0.7296872138977051	0.005236941855400801	0.6837610602378845	0.04818975552916527	-0.9970904588699341	0.059063252061605453
-2.293304681777954	2.009584665298462	-0.5601291656494141	0.04724276065826416	0.010045528411865234	1.0	0	0.0	0	0.0	0	0.682080864906311	0.07604797184467316	0.7273117303848267	-0.7296872138977051	0.005236942321062088	0.6837610602378845	0.04818975552916527	-0.9970904588699341	0.059063252061605453
-2.293304681777954	2.009584665298462	-0.5601291656494141	0.0433880090713501	0.0	1.0	0	0.0	0	0.0	0	-0.04819262772798538	0.9970905184745789	-0.05905933678150177	-0.7296655178070068	0.005234573036432266	0.6837842464447021	0.6821038722991943	0.0760469064116478	0.7272902131080627
-1.4346120357513428	2.1053223609924316	0.3555006980895996	0.0433880090713501	0.09711849689483643	1.0	0	0.0	0	0.0	0	-0.04819262772798538	0.9970905184745789	-0.05905933678150177	-0.7296655178070068	0.005234573036432266	0.6837842464447021	0.6821038722991943	0.0760469064116478	0.7272902131080627
-1.3982694149017334	2.1050617694854736	0.3214454650878906	0.039533257484436035	0.09711861610412598	1.0	0	0.0	0	0.0	0	-0.04819262772798538	0.9970905184745789	-0.05905933678150177	-0.7296655178070068	0.005234572570770979	0.6837842464447021	0.6821039319038391	0.07604692131280899	0.7272902727127075
-2.2569620609283447	2.009324073791504	-0.5941846370697021	0.025656938552856445	0.0	1.0	0	0.0	0	0.0	0	-0.7296850681304932	0.005232658702880144	0.683763325214386	0.04819272458553314	-0.9970905184745789	0.05905982851982117	0.6820829510688782	0.07604748755693436	0.7273098826408386
-1.3982694149017334	2.1050617694854736	0.3214454650878906	0.025656938552856445	0.09743607044219971	1.0	0	0.0	0	0.0	0	-0.7296850681304932	0.005232658702880144	0.683763325214386	0.04819272458553314	-0.9970905184745789	0.05905982851982117	0.6820829510688782	0.07604748755693436	0.7273098826408386
-1.404524564743042	2.2344777584075928	0.3137798309326172	0.015611410140991211	0.09743607044219971	1.0	0	0.0	0	0.0	0	-0.7296850681304932	0.005232658702880144	0.683763325214386	0.04819272458553314	-0.9970904588699341	0.05905982851982117	0.6820829510688782	0.07604748755693436	0.7273098230361938
-2.2995598316192627	2.139000654220581	-0.5677947998046875	0.03567838668823242	0.0	1.0	0	0.0	0	0.0	0	0.7296850085258484	-0.005232668947428465	-0.6837634444236755	-0.048193298280239105	0.9970903992652893	-0.05906044319272041	0.6820830702781677	0.07604832947254181	0.7273097634315491
-1.4408671855926514	2.234738349914551	0.34783506393432617	0.03567838668823242	0.09743607044219971	1.0	0	0.0	0	0.0	0	0.7296850085258484	-0.005232668947428465	-0.6837634444236755	-0.048193302005529404	0.9970904588699341	-0.05906044319272041	0.6820829510688782	0.07604832947254181	0.7273097038269043
-1.4346120357513428	2.1053223609924316	0.3555006980895996	0.025656938552856445	0.09743607044219971	1.0	0	0.0	0	0.0	0	0.7296850085258484	-0.005232668947428465	-0.6837634444236755	-0.04819329455494881	0.9970903992652893	-0.05906044319272041	0.682083010673523	0.0760483369231224	0.7273097038269043
0	1	2
3	4	5
6	7	6
8	9	10
11	12	13
14	15	16
17	18	19
20	21	22
23	24	25
26	27	28
29	30	31
32	33	34
35	35	36
37	38	39
40	40	41
6	7	7
42	43	44
45	46	47
48	49	50
51	52	53
54	55	56
57	58	59
60	61	62
63	64	65
