1965	658	61
-3.355759620666504	4.883031845092773	-0.27888792753219604	0.48273229598999023	0.3800835907459259	1.0	31	0.0	52	0.0	51	-0.9468870759010315	-0.3004609942436218	0.11457840353250504	0.29226064682006836	-0.9527237415313721	-0.08307401090860367	0.1341220736503601	-0.04517494887113571	0.9899346828460693
-3.323007106781006	4.668735504150391	-0.570171058177948	0.5063600540161133	0.3547340929508209	1.0	31	0.0	51	0.0	50	-0.9468870759010315	-0.3004609942436218	0.11457840353250504	0.29226061701774597	-0.9527236819267273	-0.08307401090860367	0.1341220587491989	-0.04517494887113571	0.9899346232414246
-3.284205436706543	4.649776458740234	-0.29922693967819214	0.5054903030395508	0.3800835907459259	1.0	31	0.0	51	0.0	50	-0.9468870759010315	-0.3004609942436218	0.11457840353250504	0.29226061701774597	-0.9527236819267273	-0.08307401090860367	0.1341220587491989	-0.04517495259642601	0.9899346828460693
-3.354750394821167	4.93290901184082	-0.5889942049980164	0.8917417526245117	0.31946074962615967	1.0	31	0.0	52	0.0	51	0.054185062646865845	-0.06448882818222046	-0.9964462518692017	0.11900514364242554	-0.9903827905654907	0.07056770473718643	-0.9914140105247498	-0.12240593880414963	-0.04598945006728172
-2.4434680938720703	4.728468418121338	-0.5262090563774109	0.9211835861206055	0.23533284664154053	1.0	31	0.0	38	0.0	37	0.054185062646865845	-0.06448882818222046	-0.9964462518692017	0.11900515109300613	-0.990382730960846	0.07056769728660583	-0.9914140701293945	-0.12240596115589142	-0.04598945006728172
-3.323007106781006	4.668735504150391	-0.570171058177948	0.9169425964355469	0.31946074962615967	1.0	31	0.0	51	0.0	50	0.054185062646865845	-0.06448882818222046	-0.9964462518692017	0.11900514364242554	-0.990382730960846	0.07056769728660583	-0.9914140701293945	-0.12240595370531082	-0.04598945006728172
-2.4434680938720703	4.728468418121338	-0.5262090563774109	0.3046846389770508	0.8815049529075623	1.0	31	0.0	38	0.0	37	0.9187629818916321	-0.3480130136013031	0.18644432723522186	0.30204400420188904	0.9236903190612793	0.2357238382101059	-0.25425177812576294	-0.16025994718074799	0.953767716884613
-2.460794448852539	4.950845241546631	-0.025744155049324036	0.3364579677581787	0.9230770468711853	1.0	31	0.0	57	0.0	38	0.9187629818916321	-0.3480130136013031	0.18644432723522186	0.30204400420188904	0.9236902594566345	0.2357238531112671	-0.25425177812576294	-0.16025996208190918	0.9537676572799683
-2.5413432121276855	4.676525592803955	-0.14085407555103302	0.308391809463501	0.9188511967658997	1.0	31	0.0	57	0.0	38	0.9187629818916321	-0.3480130136013031	0.18644432723522186	0.30204400420188904	0.9236901998519897	0.2357238084077835	-0.25425177812576294	-0.16025994718074799	0.953767716884613
-2.5413432121276855	4.676525592803955	-0.14085407555103302	0.2821333408355713	0.8808646202087402	1.0	31	0.0	57	0.0	38	-0.20122921466827393	-0.14618586003780365	0.9685744643211365	-0.04799658805131912	0.9890850186347961	0.1393098086118698	-0.9783676266670227	-0.01845506764948368	-0.20604921877384186
-3.355759620666504	4.883031845092773	-0.27888792753219604	0.3046846389770508	0.9589688777923584	1.0	31	0.0	52	0.0	51	-0.20122921466827393	-0.14618586003780365	0.9685744643211365	-0.047996580600738525	0.9890849590301514	0.1393098086118698	-0.9783675670623779	-0.018455060198903084	-0.20604920387268066
-3.284205436706543	4.649776458740234	-0.29922693967819214	0.2836127281188965	0.953120231628418	1.0	31	0.0	51	0.0	50	-0.20122921466827393	-0.14618586003780365	0.9685744643211365	-0.047996584326028824	0.9890849590301514	0.1393098086118698	-0.9783675670623779	-0.018455063924193382	-0.20604920387268066
-2.4434680938720703	4.728468418121338	-0.5262090563774109	0.5809322595596313	0.918522834777832	1.0	31	0.0	38	0.0	37	0.07151205837726593	-0.99424147605896	-0.07981223613023758	0.04986792430281639	0.08348088711500168	-0.9952608942985535	0.9961923360824585	0.06719307601451874	0.05555064231157303
-3.284205436706543	4.649776458740234	-0.29922693967819214	0.5552793741226196	0.8394207954406738	1.0	31	0.0	51	0.0	50	0.07151205837726593	-0.99424147605896	-0.07981223613023758	0.04986792057752609	0.08348087966442108	-0.9952608346939087	0.9961923956871033	0.06719308346509933	0.05555064603686333
-3.323007106781006	4.668735504150391	-0.570171058177948	0.5809322595596313	0.8344252109527588	1.0	31	0.0	51	0.0	50	0.07151205837726593	-0.99424147605896	-0.07981223613023758	0.04986793175339699	0.08348088711500168	-0.9952608942985535	0.9961923360824585	0.06719307601451874	0.055550649762153625
-2.422302484512329	5.077083110809326	-0.5536772608757019	0.4935905933380127	0.9234066009521484	1.0	31	0.0	38	0.0	37	-0.13570088148117065	0.9657777547836304	0.22103999555110931	-0.07073398679494858	-0.23197849094867706	0.9701457619667053	0.9882217049598694	0.11601459234952927	0.09979300200939178
-3.355759620666504	4.883031845092773	-0.27888792753219604	0.525492787361145	0.8364698886871338	1.0	31	0.0	52	0.0	51	-0.13570088148117065	0.9657777547836304	0.22103999555110931	-0.07073399424552917	-0.23197849094867706	0.9701457619667053	0.9882217049598694	0.11601458489894867	0.09979300200939178
-2.460794448852539	4.950845241546631	-0.025744155049324036	0.5437197685241699	0.9234066009521484	1.0	31	0.0	57	0.0	38	-0.13570088148117065	0.9657777547836304	0.22103999555110931	-0.07073397934436798	-0.23197847604751587	0.9701457023620605	0.9882216453552246	0.11601459234952927	0.09979298710823059
-3.599745988845825	4.691916465759277	-0.6698859333992004	0.7955999374389648	0.9236855506896973	1.0	31	0.0	52	0.0	51	0.055473875254392624	-0.03003109246492386	-0.9980084896087646	-0.21361590921878815	0.9760467410087585	-0.041243989020586014	0.9753414988517761	0.21547846496105194	0.0477299764752388
-3.29268479347229	4.967945098876953	-0.661124050617218	0.8149929046630859	0.9579963684082031	1.0	31	0.0	51	0.0	50	0.055473875254392624	-0.03003109246492386	-0.9980084896087646	-0.21361589431762695	0.9760466814041138	-0.041243989020586014	0.9753414392471313	0.21547845005989075	0.0477299727499485
-3.265573740005493	4.66837215423584	-0.6506026387214661	0.786653995513916	0.9544060230255127	1.0	31	0.0	51	0.0	50	0.055473875254392624	-0.03003109246492386	-0.9980084896087646	-0.21361589431762695	0.9760467410087585	-0.041243989020586014	0.9753414988517761	0.21547845005989075	0.0477299764752388
-3.7052624225616455	4.8748626708984375	-0.6403558850288391	0.6834306716918945	0.38141298294067383	1.0	31	0.0	52	0.0	51	-0.21346068382263184	0.9707204699516296	0.11016499996185303	0.9743078947067261	0.21981550753116608	-0.04904431849718094	-0.07182429730892181	0.09686559438705444	-0.9927026033401489
-3.328679084777832	4.912001132965088	-0.23791714012622833	0.7176799774169922	0.3413742780685425	1.0	31	0.0	51	0.0	50	-0.21346068382263184	0.9707204699516296	0.11016499996185303	0.9743078351020813	0.2198154777288437	-0.04904431104660034	-0.07182428985834122	0.09686558693647385	-0.9927025437355042
-3.29268479347229	4.967945098876953	-0.661124050617218	0.7227954864501953	0.38141298294067383	1.0	31	0.0	51	0.0	50	-0.21346068382263184	0.9707204699516296	0.11016499996185303	0.9743078351020813	0.2198154777288437	-0.04904431849718094	-0.07182429730892181	0.09686558693647385	-0.9927025437355042
-3.328679084777832	4.912001132965088	-0.23791714012622833	0.7132115364074707	0.9228321313858032	1.0	31	0.0	51	0.0	50	-0.03804159164428711	-0.2164650708436966	0.9755489230155945	-0.12190915644168854	0.9699687361717224	0.21047301590442657	-0.991811990737915	-0.11092161387205124	-0.06328822672367096
-3.5778563022613525	4.703787803649902	-0.293834388256073	0.6972594261169434	0.9489613771438599	1.0	31	0.0	52	0.0	51	-0.03804159164428711	-0.2164650708436966	0.9755489230155945	-0.12190916389226913	0.9699687361717224	0.21047301590442657	-0.991811990737915	-0.11092162132263184	-0.06328822672367096
-3.2435765266418457	4.659592151641846	-0.29060572385787964	0.6907117366790771	0.9177666902542114	1.0	31	0.0	51	0.0	50	-0.03804159164428711	-0.2164650708436966	0.9755489230155945	-0.12190915644168854	0.9699687361717224	0.21047301590442657	-0.991811990737915	-0.11092161387205124	-0.06328822672367096
-3.5778563022613525	4.703787803649902	-0.293834388256073	0.862288236618042	0.9165355563163757	1.0	31	0.0	52	0.0	51	-0.13090026378631592	-0.9912635684013367	-0.01617751643061638	-0.9898809194564819	0.12978120148181915	0.05738269165158272	-0.054781828075647354	0.023525221273303032	-0.9982211589813232
-3.265573740005493	4.66837215423584	-0.6506026387214661	0.8305366039276123	0.9488210678100586	1.0	31	0.0	51	0.0	50	-0.13090026378631592	-0.9912635684013367	-0.01617751643061638	-0.9898809194564819	0.12978120148181915	0.05738269165158272	-0.054781828075647354	0.023525221273303032	-0.9982211589813232
-3.2435765266418457	4.659592151641846	-0.29060572385787964	0.8304369449615479	0.9143804311752319	1.0	31	0.0	51	0.0	50	-0.13090026378631592	-0.9912635684013367	-0.01617751643061638	-0.9898809194564819	0.12978120148181915	0.05738269165158272	-0.054781828075647354	0.023525221273303032	-0.9982211589813232
-3.29268479347229	4.967945098876953	-0.661124050617218	0.22625231742858887	0.6279454827308655	1.0	31	0.0	51	0.0	50	0.9944002628326416	0.08793352544307709	-0.058617111295461655	-0.07992411404848099	0.9886463284492493	0.12724266946315765	0.0691404789686203	-0.12184520810842514	0.990138053894043
-3.2435765266418457	4.659592151641846	-0.29060572385787964	0.201768159866333	0.6666281223297119	1.0	31	0.0	51	0.0	50	0.9944002628326416	0.08793352544307709	-0.058617111295461655	-0.07992411404848099	0.9886463284492493	0.12724266946315765	0.0691404789686203	-0.12184520810842514	0.990138053894043
-3.265573740005493	4.66837215423584	-0.6506026387214661	0.19805026054382324	0.6325735449790955	1.0	31	0.0	51	0.0	50	0.9944002628326416	0.08793352544307709	-0.058617111295461655	-0.07992410659790039	0.9886462688446045	0.12724266946315765	0.0691404789686203	-0.12184522300958633	0.9901381134986877
-3.7052624225616455	4.8748626708984375	-0.6403558850288391	0.5888726711273193	0.9576575756072998	1.0	31	0.0	52	0.0	51	-0.8682184815406799	-0.490132600069046	0.07724479585886002	-0.4953668415546417	0.8651444315910339	-0.07833749055862427	-0.028432149440050125	-0.10627856850624084	-0.9939298629760742
-3.5778563022613525	4.703787803649902	-0.293834388256073	0.5709857940673828	0.9265992641448975	1.0	31	0.0	52	0.0	51	-0.8682184815406799	-0.490132600069046	0.07724479585886002	-0.4953668713569641	0.8651444911956787	-0.07833749800920486	-0.028432141989469528	-0.10627856105566025	-0.9939298033714294
-3.675936698913574	4.888458251953125	-0.22447319328784943	0.5888726711273193	0.9185227155685425	1.0	31	0.0	52	0.0	51	-0.8682184815406799	-0.490132600069046	0.07724479585886002	-0.4953668713569641	0.8651444911956787	-0.07833749800920486	-0.028432141989469528	-0.10627856105566025	-0.9939298033714294
-4.099306583404541	4.737914085388184	-0.3017088770866394	0.6217668056488037	0.7429616451263428	0.5	44	0.5	43	0.0	52	-0.2211974412202835	-0.2902887761592865	-0.931023120880127	-0.14342673122882843	0.953973650932312	-0.26336854696273804	0.9646245241165161	0.0752771720290184	-0.25265175104141235
-4.20562219619751	4.72232723236084	-0.2715899348258972	0.6220901012420654	0.7327601909637451	1.0	44	0.0	52	0.0	51	-0.2211974412202835	-0.2902887761592865	-0.931023120880127	-0.14342674612998962	0.9539737105369568	-0.2633685767650604	0.9646245241165161	0.07527715712785721	-0.25265172123908997
-4.114074230194092	4.788066864013672	-0.3138377070426941	0.6266167163848877	0.7422831058502197	0.5	44	0.5	43	0.0	52	-0.2211974412202835	-0.2902887761592865	-0.931023120880127	-0.14342673122882843	0.953973650932312	-0.26336854696273804	0.9646245241165161	0.0752771720290184	-0.25265175104141235
-4.114074230194092	4.788066864013672	-0.3138377070426941	0.9628615379333496	0.5241365432739258	0.5	44	0.5	43	0.0	52	-0.5809131264686584	0.8134154677391052	0.029919786378741264	0.08159147948026657	0.021618157625198364	0.9964313507080078	0.8098658323287964	0.581281304359436	-0.07892604172229767
-4.198828220367432	4.724218845367432	-0.22358770668506622	0.9705946445465088	0.5154323577880859	1.0	44	0.0	52	0.0	51	-0.5809131264686584	0.8134154677391052	0.029919786378741264	0.08159147948026657	0.021618157625198364	0.9964313507080078	0.8098658323287964	0.581281304359436	-0.07892604172229767
-4.090107440948486	4.802187919616699	-0.23240871727466583	0.9708371162414551	0.5257706642150879	0.5	44	0.5	43	0.0	52	-0.5809131264686584	0.8134154677391052	0.029919786378741264	0.08159147948026657	0.021618157625198364	0.9964313507080078	0.8098658323287964	0.581281304359436	-0.07892604172229767
-4.090107440948486	4.802187919616699	-0.23240871727466583	0.8237876892089844	0.844001293182373	0.5	44	0.5	43	0.0	52	0.34110069274902344	-0.37827497720718384	0.8605570197105408	0.20428495109081268	-0.8637518882751465	-0.4606521725654602	0.9175609350204468	0.3329276442527771	-0.21735046803951263
-4.198828220367432	4.724218845367432	-0.22358770668506622	0.8293328285217285	0.8324618339538574	1.0	44	0.0	52	0.0	51	0.34110069274902344	-0.37827497720718384	0.8605570197105408	0.20428495109081268	-0.8637518286705017	-0.4606521427631378	0.917560875415802	0.3329276144504547	-0.21735046803951263
-4.082488536834717	4.748012065887451	-0.2592427134513855	0.8281285762786865	0.8435299396514893	0.5	44	0.5	43	0.0	52	0.34110069274902344	-0.37827497720718384	0.8605570197105408	0.20428496599197388	-0.8637518286705017	-0.4606521427631378	0.917560875415802	0.3329276442527771	-0.21735046803951263
-3.60353684425354	4.865433692932129	-0.2742893099784851	0.6266167163848877	0.791658878326416	0.5	42	0.5	41	0.0	52	0.9534624218940735	0.09262046217918396	-0.2869335412979126	-0.14806333184242249	0.9728308916091919	-0.1779811829328537	0.262653112411499	0.21218270063400269	0.9412714242935181
-3.6192290782928467	4.802367687225342	-0.34679096937179565	0.6203982830047607	0.7891130447387695	1.0	42	0.0	52	0.0	51	0.9534624218940735	0.09262046217918396	-0.2869335412979126	-0.14806333184242249	0.9728308916091919	-0.1779811829328537	0.262653112411499	0.21218270063400269	0.9412714242935181
-3.629013776779175	4.850596904754639	-0.3637368083000183	0.6249592304229736	0.7888669967651367	0.5	42	0.5	41	0.0	52	0.9534624218940735	0.09262046217918396	-0.2869335412979126	-0.14806333184242249	0.9728308320045471	-0.1779811829328537	0.26265308260917664	0.21218270063400269	0.9412713646888733
-3.853151559829712	4.782444953918457	-0.2835466265678406	0.9535544514656067	0.9250555038452148	0.5	43	0.5	42	0.0	52	0.12951058149337769	-0.9766585230827332	0.17136280238628387	0.10923636704683304	0.18581914901733398	0.9764930605888367	-0.9855427145957947	-0.1077471375465393	0.13075217604637146
-3.6192290782928467	4.802367687225342	-0.34679096937179565	0.9500381946563721	0.9021844863891602	1.0	42	0.0	52	0.0	51	0.12951058149337769	-0.9766585230827332	0.17136280238628387	0.10923636704683304	0.18581914901733398	0.9764930605888367	-0.9855427145957947	-0.1077471375465393	0.13075217604637146
-3.4903814792633057	4.827138423919678	-0.3029925227165222	0.9555664658546448	0.8904216289520264	0.5	42	0.5	41	0.0	52	0.12951058149337769	-0.9766585230827332	0.17136280238628387	0.10923636704683304	0.18581914901733398	0.9764931201934814	-0.9855427742004395	-0.1077471375465393	0.13075217604637146
-3.60353684425354	4.865433692932129	-0.2742893099784851	0.8247861862182617	0.8903520107269287	0.5	42	0.5	41	0.0	52	0.09770330786705017	-0.3957347571849823	0.9131528735160828	0.20553217828273773	-0.8897392749786377	-0.4075789749622345	0.9737611413002014	0.22750410437583923	-0.005594239104539156
-3.853151559829712	4.782444953918457	-0.2835466265678406	0.8280634880065918	0.8654310703277588	0.5	43	0.5	42	0.0	52	0.09770330786705017	-0.3957347571849823	0.9131528735160828	0.20553216338157654	-0.8897392153739929	-0.4075789749622345	0.9737610816955566	0.22750408947467804	-0.005594246555119753
-3.4903814792633057	4.827138423919678	-0.3029925227165222	0.8293328285217285	0.9000232219696045	0.5	42	0.5	41	0.0	52	0.09770330786705017	-0.3957347571849823	0.9131528735160828	0.20553216338157654	-0.8897392153739929	-0.4075789451599121	0.9737610816955566	0.22750410437583923	-0.005594238638877869
-3.629013776779175	4.850596904754639	-0.3637368083000183	0.9620848298072815	0.5706272125244141	0.5	42	0.5	41	0.0	52	-0.11832717061042786	0.9844815731048584	-0.1295948028564453	0.08205065876245499	0.13975925743579865	0.9867802262306213	0.989578902721405	0.10612955689430237	-0.09731467068195343
-3.8630285263061523	4.836313724517822	-0.2585722804069519	0.9702213406562805	0.5475521087646484	0.5	43	0.5	42	0.0	52	-0.11832717061042786	0.9844815731048584	-0.1295948028564453	0.0820506364107132	0.13975924253463745	0.9867801666259766	0.9895788431167603	0.10612955689430237	-0.09731464087963104
-3.60353684425354	4.865433692932129	-0.2742893099784851	0.9708371162414551	0.5723419189453125	0.5	42	0.5	41	0.0	52	-0.11832717061042786	0.9844815731048584	-0.1295948028564453	0.08205065131187439	0.13975924253463745	0.9867801070213318	0.989578902721405	0.10612955689430237	-0.09731466323137283
-3.874065399169922	4.772168159484863	-0.3394243121147156	0.6213839054107666	0.7646424770355225	0.5	43	0.5	42	0.0	52	0.011737361550331116	-0.3293503522872925	-0.9441348314285278	-0.1390644609928131	0.9344865083694458	-0.3277134895324707	0.9902138113975525	0.13514210283756256	-0.03483252227306366
-3.629013776779175	4.850596904754639	-0.3637368083000183	0.6249592304229736	0.7888669967651367	0.5	42	0.5	41	0.0	52	0.011737361550331116	-0.3293503522872925	-0.9441348314285278	-0.1390644758939743	0.9344865083694458	-0.3277134895324707	0.9902138113975525	0.13514211773872375	-0.03483252599835396
-3.6192290782928467	4.802367687225342	-0.34679096937179565	0.6203982830047607	0.7891130447387695	1.0	42	0.0	52	0.0	51	0.011737361550331116	-0.3293503522872925	-0.9441348314285278	-0.1390644609928131	0.934486448764801	-0.3277134597301483	0.9902137517929077	0.13514210283756256	-0.03483252227306366
-4.082488536834717	4.748012065887451	-0.2592427134513855	0.9534212946891785	0.947077751159668	0.5	44	0.5	43	0.0	52	0.1598598212003708	-0.9797741174697876	0.12036388367414474	0.11011654138565063	0.1388704478740692	0.9841694235801697	-0.9809787273406982	-0.14407509565353394	0.1300891488790512
-3.874065399169922	4.772168159484863	-0.3394243121147156	0.9480277299880981	0.9264469146728516	0.5	43	0.5	42	0.0	52	0.1598598212003708	-0.9797741174697876	0.12036388367414474	0.11011653393507004	0.1388704478740692	0.9841694235801697	-0.9809787273406982	-0.14407509565353394	0.13008913397789001
-3.853151559829712	4.782444953918457	-0.2835466265678406	0.9535544514656067	0.9250555038452148	0.5	43	0.5	42	0.0	52	0.1598598212003708	-0.9797741174697876	0.12036388367414474	0.11011653393507004	0.1388704478740692	0.9841694235801697	-0.9809787273406982	-0.14407509565353394	0.13008913397789001
-3.8630285263061523	4.836313724517822	-0.2585722804069519	0.8236663341522217	0.8656728267669678	0.5	43	0.5	42	0.0	52	0.15495574474334717	-0.3920034170150757	0.9068198204040527	0.20532524585723877	-0.8850842714309692	-0.4176930785179138	0.9663489460945129	0.25091689825057983	-0.056660689413547516
-4.082488536834717	4.748012065887451	-0.2592427134513855	0.8281285762786865	0.8435299396514893	0.5	44	0.5	43	0.0	52	0.15495574474334717	-0.3920034170150757	0.9068198204040527	0.20532521605491638	-0.8850842118263245	-0.41769304871559143	0.9663490056991577	0.25091689825057983	-0.05666070431470871
-3.853151559829712	4.782444953918457	-0.2835466265678406	0.8280634880065918	0.8654310703277588	0.5	43	0.5	42	0.0	52	0.15495574474334717	-0.3920034170150757	0.9068198204040527	0.20532523095607758	-0.8850842118263245	-0.41769304871559143	0.9663490056991577	0.2509169280529022	-0.05666069686412811
-3.8859572410583496	4.822208404541016	-0.3431960940361023	0.9619500041007996	0.5460414886474609	0.49163371460212363	43	0.49163371460212363	42	0.016732570795752764	35	-0.1610143482685089	0.9796703457832336	-0.11966737359762192	0.08203195035457611	0.1341140866279602	0.987564742565155	0.9835370779037476	0.14919555187225342	-0.10195857286453247
-4.090107440948486	4.802187919616699	-0.23240871727466583	0.9708371162414551	0.5257706642150879	0.5	44	0.5	43	0.0	52	-0.1610143482685089	0.9796703457832336	-0.11966737359762192	0.08203195035457611	0.1341140866279602	0.987564742565155	0.9835370779037476	0.14919555187225342	-0.10195857286453247
-3.8630285263061523	4.836313724517822	-0.2585722804069519	0.9702213406562805	0.5475521087646484	0.5	43	0.5	42	0.0	52	-0.1610143482685089	0.9796703457832336	-0.11966737359762192	0.08203195035457611	0.1341140866279602	0.987564742565155	0.9835370779037476	0.14919555187225342	-0.10195857286453247
-4.099306583404541	4.737914085388184	-0.3017088770866394	0.6217668056488037	0.7429616451263428	0.5	44	0.5	43	0.0	52	-0.1479727029800415	-0.10925399512052536	-0.982938289642334	-0.1517389714717865	0.9846197366714478	-0.08659791946411133	0.9772816300392151	0.13633592426776886	-0.16227494180202484
-3.8859572410583496	4.822208404541016	-0.3431960940361023	0.6262404918670654	0.764249324798584	0.49163371460212363	43	0.49163371460212363	42	0.016732570795752764	35	-0.1479727029800415	-0.10925399512052536	-0.982938289642334	-0.1517389863729477	0.9846197962760925	-0.08659791946411133	0.9772816896438599	0.13633592426776886	-0.16227494180202484
-3.874065399169922	4.772168159484863	-0.3394243121147156	0.6213839054107666	0.7646424770355225	0.5	43	0.5	42	0.0	52	-0.1479727029800415	-0.10925399512052536	-0.982938289642334	-0.1517389863729477	0.9846197962760925	-0.08659791946411133	0.9772816896438599	0.13633592426776886	-0.16227494180202484
-4.20562219619751	4.72232723236084	-0.2715899348258972	0.9509384036064148	0.9586319923400879	1.0	44	0.0	52	0.0	51	0.20324476063251495	-0.9790787696838379	0.009816166013479233	0.11105368286371231	0.0330117903649807	0.9932660460472107	-0.9728096723556519	-0.20078596472740173	0.1154397577047348
-4.082488536834717	4.748012065887451	-0.2592427134513855	0.9534212946891785	0.947077751159668	0.5	44	0.5	43	0.0	52	0.20324476063251495	-0.9790787696838379	0.009816166013479233	0.11105368286371231	0.0330117903649807	0.9932659864425659	-0.9728096127510071	-0.20078594982624054	0.1154397577047348
-4.198828220367432	4.724218845367432	-0.22358770668506622	0.9555664658546448	0.9584965705871582	1.0	44	0.0	52	0.0	51	0.20324476063251495	-0.9790787696838379	0.009816166013479233	0.1110536977648735	0.033011794090270996	0.9932660460472107	-0.9728096723556519	-0.20078596472740173	0.115439772605896
-4.112843036651611	4.736144065856934	-0.3948313593864441	0.5145044326782227	0.9700424671173096	0.5	36	0.5	35	0.0	52	-0.22120222449302673	-0.2902714014053345	-0.9310274720191956	0.11506494879722595	-0.9557766914367676	0.27064937353134155	-0.9684160351753235	-0.04726037755608559	0.24481995403766632
-4.219158172607422	4.72055721282959	-0.3647124171257019	0.5144867897033691	0.9802489280700684	1.0	36	0.0	52	0.0	51	-0.22120222449302673	-0.2902714014053345	-0.9310274720191956	0.11506495624780655	-0.9557766914367676	0.27064940333366394	-0.9684160351753235	-0.04726037755608559	0.24481996893882751
-4.127610206604004	4.786296844482422	-0.4069592356681824	0.5096769332885742	0.9708659648895264	0.4899119456703933	36	0.4899119456703933	35	0.020176108659213376	48	-0.22120222449302673	-0.2902714014053345	-0.9310274720191956	0.11506494879722595	-0.9557766318321228	0.27064937353134155	-0.9684160947799683	-0.047260385006666183	0.24481996893882751
-4.127610206604004	4.786296844482422	-0.4069592356681824	0.9564703702926636	0.8993983268737793	0.4899119456703933	36	0.4899119456703933	35	0.020176108659213376	48	-0.5809138417243958	0.8134149312973022	0.02992025949060917	0.08195258677005768	0.021876858547329903	0.9963961839675903	0.8098289966583252	0.5812723636627197	-0.07937002927064896
-4.212364673614502	4.722448348999023	-0.3167101740837097	0.9642003774642944	0.8906912803649902	1.0	36	0.0	52	0.0	51	-0.5809138417243958	0.8134149312973022	0.02992025949060917	0.08195258677005768	0.021876856684684753	0.9963961243629456	0.8098289966583252	0.5812723636627197	-0.07937002927064896
-4.103643417358398	4.800417900085449	-0.3255307078361511	0.964446485042572	0.9010295867919922	0.5	36	0.5	35	0.0	52	-0.5809138417243958	0.8134149312973022	0.02992025949060917	0.08195258677005768	0.021876856684684753	0.9963961243629456	0.8098289966583252	0.5812723636627197	-0.07937002927064896
-4.103643417358398	4.800417900085449	-0.3255307078361511	0.49364638328552246	0.9349627494812012	0.5	36	0.5	35	0.0	52	0.3410957455635071	-0.37827277183532715	0.8605599999427795	0.20641343295574188	-0.8629791736602783	-0.4611511826515198	0.9170863032341003	0.33492785692214966	-0.21627794206142426
-4.212364673614502	4.722448348999023	-0.3167101740837097	0.499157190322876	0.9234066009521484	1.0	36	0.0	52	0.0	51	0.3410957455635071	-0.37827277183532715	0.8605599999427795	0.20641344785690308	-0.8629791736602783	-0.4611511826515198	0.9170863032341003	0.33492785692214966	-0.21627792716026306
-4.096024990081787	4.746242046356201	-0.3523642420768738	0.4979860782623291	0.9344782829284668	0.5	36	0.5	35	0.0	52	0.3410957455635071	-0.37827277183532715	0.8605599999427795	0.20641347765922546	-0.8629791736602783	-0.46115121245384216	0.9170862436294556	0.33492788672447205	-0.21627789735794067
-3.637701988220215	4.849332809448242	-0.45744389295578003	0.6248281002044678	0.3700648546218872	0.5	34	0.5	33	0.0	52	0.9273930788040161	0.05831177532672882	-0.3695157468318939	-0.13097435235977173	0.9758690595626831	-0.17471525073051453	0.3504110276699066	0.21042680740356445	0.912651538848877
-3.6093246936798096	4.809642791748047	-0.39248722791671753	0.6201012134552002	0.375410795211792	0.5	34	0.5	33	0.0	52	0.9273930788040161	0.05831177532672882	-0.3695157468318939	-0.13097433745861053	0.9758690595626831	-0.17471525073051453	0.35041099786758423	0.21042676270008087	0.9126514196395874
-3.6279172897338867	4.801103591918945	-0.44049757719039917	0.6200366020202637	0.3708329200744629	0.5	34	0.5	33	0.0	52	0.9273930788040161	0.05831177532672882	-0.3695157468318939	-0.13097433745861053	0.9758689999580383	-0.17471525073051453	0.35041099786758423	0.21042679250240326	0.9126514792442322
-3.866687774658203	4.780674934387207	-0.37666910886764526	0.9770798683166504	0.8467199802398682	0.5	35	0.5	34	0.0	52	0.11874690651893616	-0.9844937324523926	0.12911748886108398	0.12315163761377335	0.1436365246772766	0.9819380640983582	-0.9852577447891235	-0.10070106387138367	0.1382983922958374
-3.6279172897338867	4.801103591918945	-0.44049757719039917	0.9738724827766418	0.8233377933502197	0.5	34	0.5	33	0.0	52	0.11874690651893616	-0.9844937324523926	0.12911748886108398	0.12315163761377335	0.1436365246772766	0.9819380640983582	-0.9852577447891235	-0.10070106387138367	0.1382983922958374
-3.6093246936798096	4.809642791748047	-0.39248722791671753	0.9786440134048462	0.8221466541290283	0.5	34	0.5	33	0.0	52	0.11874690651893616	-0.9844937324523926	0.12911748886108398	0.12315164506435394	0.1436365246772766	0.9819380640983582	-0.9852577447891235	-0.10070106387138367	0.1382983922958374
-3.61222505569458	4.864169597625732	-0.3679963946342468	0.49480271339416504	0.9817686080932617	0.5	34	0.5	33	0.0	52	0.10127586871385574	-0.40312713384628296	0.9095227718353271	0.20762670040130615	-0.8855273723602295	-0.41561102867126465	0.9729514122009277	0.2309325635433197	-0.005982601083815098
-3.866687774658203	4.780674934387207	-0.37666910886764526	0.4979867935180664	0.9563794136047363	0.5	35	0.5	34	0.0	52	0.10127586871385574	-0.40312713384628296	0.9095227718353271	0.20762668550014496	-0.8855273127555847	-0.41561099886894226	0.972951352596283	0.2309325635433197	-0.005982600152492523
-3.6093246936798096	4.809642791748047	-0.39248722791671753	0.499157190322876	0.9808528423309326	0.5	34	0.5	33	0.0	52	0.10127586871385574	-0.40312713384628296	0.9095227718353271	0.20762668550014496	-0.8855273127555847	-0.41561099886894226	0.972951352596283	0.2309325635433197	-0.005982600152492523
-3.637701988220215	4.849332809448242	-0.45744389295578003	0.9556936025619507	0.946354866027832	0.5	34	0.5	33	0.0	52	-0.11832763999700546	0.9844815731048584	-0.12959468364715576	0.08237563073635101	0.1397940069437027	0.986748218536377	0.989551842212677	0.10608413815498352	-0.09763877838850021
-3.8765647411346436	4.834543704986572	-0.3516952395439148	0.9638381600379944	0.9228115081787109	0.5	35	0.5	34	0.0	52	-0.11832763999700546	0.9844815731048584	-0.12959468364715576	0.08237562328577042	0.1397940069437027	0.9867481589317322	0.9895519018173218	0.10608413815498352	-0.09763878583908081
-3.61222505569458	4.864169597625732	-0.3679963946342468	0.964446485042572	0.9480667114257812	0.5	34	0.5	33	0.0	52	-0.11832763999700546	0.9844815731048584	-0.12959468364715576	0.08237562328577042	0.1397940069437027	0.986748218536377	0.989551842212677	0.10608413815498352	-0.09763877093791962
-3.887601613998413	4.770398139953613	-0.43254631757736206	0.5142374038696289	0.9483599662780762	0.5	35	0.5	34	0.0	52	0.010074456222355366	-0.3296652138233185	-0.9440441727638245	0.11178471148014069	-0.9378030896186829	0.328678697347641	-0.9936813712120056	-0.1088409498333931	0.02740367129445076
-3.637701988220215	4.849332809448242	-0.45744389295578003	0.5099530220031738	0.9237887859344482	0.5	34	0.5	33	0.0	52	0.010074456222355366	-0.3296652138233185	-0.9440441727638245	0.11178470402956009	-0.9378030896186829	0.328678697347641	-0.9936813712120056	-0.1088409423828125	0.02740366756916046
-3.6279172897338867	4.801103591918945	-0.44049757719039917	0.5145044326782227	0.9234063625335693	0.5	34	0.5	33	0.0	52	0.010074456222355366	-0.3296652138233185	-0.9440441727638245	0.11178470402956009	-0.9378030896186829	0.328678697347641	-0.9936813712120056	-0.1088409423828125	0.02740366756916046
-4.096024990081787	4.746242046356201	-0.3523642420768738	0.9766520261764526	0.8687384128570557	0.5	36	0.5	35	0.0	52	0.15986022353172302	-0.979773998260498	0.1203647255897522	0.12321625649929047	0.14078432321548462	0.9823428988456726	-0.9794194102287292	-0.14220665395259857	0.1432298868894577
-3.887601613998413	4.770398139953613	-0.43254631757736206	0.9715350866317749	0.8480374813079834	0.5	35	0.5	34	0.0	52	0.15986022353172302	-0.979773998260498	0.1203647255897522	0.12321627140045166	0.14078432321548462	0.9823428988456726	-0.9794194102287292	-0.14220665395259857	0.1432299017906189
-3.866687774658203	4.780674934387207	-0.37666910886764526	0.9770798683166504	0.8467199802398682	0.5	35	0.5	34	0.0	52	0.15986022353172302	-0.979773998260498	0.1203647255897522	0.12321626394987106	0.14078432321548462	0.9823428988456726	-0.9794194102287292	-0.14220665395259857	0.1432298868894577
-3.8765647411346436	4.834543704986572	-0.3516952395439148	0.4935903549194336	0.956634521484375	0.5	35	0.5	34	0.0	52	0.15495853126049042	-0.3919960856437683	0.9068225026130676	0.20758280158042908	-0.8844985365867615	-0.4178178906440735	0.9658660292625427	0.2529851794242859	-0.055688947439193726
-4.096024990081787	4.746242046356201	-0.3523642420768738	0.4979860782623291	0.9344782829284668	0.5	36	0.5	35	0.0	52	0.15495853126049042	-0.3919960856437683	0.9068225026130676	0.20758280158042908	-0.8844984769821167	-0.4178178906440735	0.9658660888671875	0.2529852092266083	-0.05568893998861313
-3.866687774658203	4.780674934387207	-0.37666910886764526	0.4979867935180664	0.9563794136047363	0.5	35	0.5	34	0.0	52	0.15495853126049042	-0.3919960856437683	0.9068225026130676	0.20758280158042908	-0.8844984769821167	-0.4178178906440735	0.9658660888671875	0.2529852092266083	-0.05568893998861313
-3.899493455886841	4.820438385009766	-0.4363180994987488	0.95556640625	0.9213037490844727	0.5	35	0.5	34	0.0	52	-0.161015123128891	0.9796701073646545	-0.11966850608587265	0.08237799257040024	0.13416779041290283	0.9875286817550659	0.9835079908370972	0.14914900064468384	-0.1023063063621521
-4.103643417358398	4.800417900085449	-0.3255307078361511	0.964446485042572	0.9010295867919922	0.5	36	0.5	35	0.0	52	-0.161015123128891	0.9796701073646545	-0.11966850608587265	0.08237799257040024	0.13416779041290283	0.9875286221504211	0.9835080504417419	0.14914900064468384	-0.1023063138127327
-3.8765647411346436	4.834543704986572	-0.3516952395439148	0.9638381600379944	0.9228115081787109	0.5	35	0.5	34	0.0	52	-0.161015123128891	0.9796701073646545	-0.11966850608587265	0.08237797766923904	0.13416779041290283	0.9875286817550659	0.9835079908370972	0.14914900064468384	-0.1023062914609909
-4.112843036651611	4.736144065856934	-0.3948313593864441	0.5145044326782227	0.9700424671173096	0.5	36	0.5	35	0.0	52	-0.14797061681747437	-0.10925352573394775	-0.9829386472702026	0.1223304346203804	-0.988269031047821	0.09143049269914627	-0.9813970327377319	-0.10671430081129074	0.15959982573986053
-3.899493455886841	4.820438385009766	-0.4363180994987488	0.5093951225280762	0.9488983154296875	0.5	35	0.5	34	0.0	52	-0.14797061681747437	-0.10925352573394775	-0.9829386472702026	0.1223304346203804	-0.9882690906524658	0.09143050014972687	-0.9813969731330872	-0.10671428591012955	0.15959981083869934
-3.887601613998413	4.770398139953613	-0.43254631757736206	0.5142374038696289	0.9483599662780762	0.5	35	0.5	34	0.0	52	-0.14797061681747437	-0.10925352573394775	-0.9829386472702026	0.12233041971921921	-0.988269031047821	0.09143050014972687	-0.9813970327377319	-0.10671428591012955	0.15959982573986053
-4.219158172607422	4.72055721282959	-0.3647124171257019	0.9740145802497864	0.8802585601806641	1.0	36	0.0	52	0.0	51	0.20324622094631195	-0.9790785312652588	0.009808259084820747	0.12432562559843063	0.035742342472076416	0.9915975332260132	-0.9712024331092834	-0.20031903684139252	0.1289890557527542
-4.096024990081787	4.746242046356201	-0.3523642420768738	0.9766520261764526	0.8687384128570557	0.5	36	0.5	35	0.0	52	0.20324622094631195	-0.9790785312652588	0.009808259084820747	0.12432562559843063	0.035742342472076416	0.9915975332260132	-0.9712024331092834	-0.20031903684139252	0.1289890557527542
-4.212364673614502	4.722448348999023	-0.3167101740837097	0.9786440134048462	0.8801851272583008	1.0	36	0.0	52	0.0	51	0.20324622094631195	-0.9790785312652588	0.009808259084820747	0.12432562559843063	0.035742342472076416	0.9915975332260132	-0.9712024331092834	-0.20031903684139252	0.1289890557527542
-4.1264142990112305	4.734368801116943	-0.48819607496261597	0.509394645690918	0.9705080986022949	0.507079220791546	47	0.492920779208454	48	0.0	52	-0.2212076634168625	-0.29027003049850464	-0.9310265779495239	0.11478377133607864	-0.9557907581329346	0.2707187831401825	-0.9684481620788574	-0.04698166996240616	0.24474653601646423
-4.232729434967041	4.718782424926758	-0.4580766558647156	0.5093803405761719	0.9807145595550537	1.0	48	0.0	52	0.0	51	-0.2212076634168625	-0.29027003049850464	-0.9310265779495239	0.11478377133607864	-0.9557907581329346	0.2707187831401825	-0.9684481620788574	-0.04698166996240616	0.24474653601646423
-4.141181468963623	4.78452205657959	-0.5003239512443542	0.5045676231384277	0.9713330268859863	0.5	48	0.5	47	0.0	52	-0.2212076634168625	-0.29027003049850464	-0.9310265779495239	0.11478378623723984	-0.9557908773422241	0.2707187831401825	-0.9684481620788574	-0.046981677412986755	0.24474653601646423
-4.141181468963623	4.78452205657959	-0.5003239512443542	0.2167290449142456	0.9062871932983398	0.5	48	0.5	47	0.0	52	-0.580913782119751	0.8134150505065918	0.029920054599642754	0.08225326985120773	0.02209293283522129	0.9963665008544922	0.8097984790802002	0.581264078617096	-0.07974012941122055
-4.225935935974121	4.720673561096191	-0.4100739359855652	0.22445613145828247	0.8975777626037598	1.0	48	0.0	52	0.0	51	-0.580913782119751	0.8134150505065918	0.029920054599642754	0.08225327730178833	0.022092929109930992	0.996366560459137	0.809798538684845	0.581264078617096	-0.07974013686180115
-4.117214679718018	4.798643112182617	-0.4188949465751648	0.2247057557106018	0.9079160690307617	0.5	48	0.5	47	0.0	52	-0.580913782119751	0.8134150505065918	0.029920054599642754	0.08225327730178833	0.022092929109930992	0.996366560459137	0.809798538684845	0.581264078617096	-0.07974013686180115
-4.117214679718018	4.798643112182617	-0.4188949465751648	0.33370161056518555	0.93463134765625	0.5	48	0.5	47	0.0	52	0.3411023020744324	-0.3782772123813629	0.8605554699897766	0.20617887377738953	-0.863061249256134	-0.46110275387763977	0.9171366691589355	0.3347115218639374	-0.2163994014263153
-4.225935935974121	4.720673561096191	-0.4100739359855652	0.3392159938812256	0.923076868057251	1.0	48	0.0	52	0.0	51	0.3411023020744324	-0.3782772123813629	0.8605554699897766	0.20617885887622833	-0.863061249256134	-0.46110275387763977	0.9171366691589355	0.334711492061615	-0.2163994014263153
-4.109596252441406	4.744467258453369	-0.44572895765304565	0.3380413055419922	0.9341483116149902	0.5	48	0.5	47	0.0	52	0.3411023020744324	-0.3782772123813629	0.8605554699897766	0.20617887377738953	-0.863061249256134	-0.46110275387763977	0.9171366691589355	0.3347115218639374	-0.2163994014263153
-3.6464128494262695	4.848065376281738	-0.5513946413993835	0.6200366020202637	0.3700648546218872	0.5	46	0.5	45	0.0	52	0.9273930788040161	0.05831177532672882	-0.3695157468318939	-0.13097433745861053	0.9758689999580383	-0.17471526563167572	0.35041099786758423	0.21042680740356445	0.9126514792442322
-3.6180355548858643	4.808375358581543	-0.48643797636032104	0.6153097152709961	0.375410795211792	0.5	46	0.5	45	0.0	52	0.9273930788040161	0.05831177532672882	-0.3695157468318939	-0.13097432255744934	0.9758689403533936	-0.17471525073051453	0.35041099786758423	0.21042677760124207	0.9126514196395874
-3.6366281509399414	4.799836158752441	-0.5344483256340027	0.6152451038360596	0.3708329200744629	0.5	46	0.5	45	0.0	52	0.9273930788040161	0.05831177532672882	-0.3695157468318939	-0.13097433745861053	0.9758690595626831	-0.17471525073051453	0.35041099786758423	0.21042676270008087	0.9126514196395874
-3.8802590370178223	4.778900146484375	-0.47003287076950073	0.9770230054855347	0.2013559341430664	0.5	47	0.5	46	0.0	52	0.11873995512723923	-0.9844942092895508	0.12912024557590485	0.12315197288990021	0.14363831281661987	0.9819377064704895	-0.9852585196495056	-0.10069380700588226	0.13829798996448517
-3.6366281509399414	4.799836158752441	-0.5344483256340027	0.9738169312477112	0.1775062084197998	0.5	46	0.5	45	0.0	52	0.11873995512723923	-0.9844942092895508	0.12912024557590485	0.123151995241642	0.14363832771778107	0.9819377660751343	-0.9852585792541504	-0.10069381445646286	0.13829801976680756
-3.6180355548858643	4.808375358581543	-0.48643797636032104	0.9785884022712708	0.1763150691986084	0.5	46	0.5	45	0.0	52	0.11873995512723923	-0.9844942092895508	0.12912024557590485	0.12315197288990021	0.14363831281661987	0.9819376468658447	-0.9852585792541504	-0.10069381445646286	0.13829801976680756
-3.6209359169006348	4.8629021644592285	-0.46194666624069214	0.33486127853393555	0.9818971157073975	0.5	46	0.5	45	0.0	52	0.10220193862915039	-0.4030539095401764	0.9094517230987549	0.20742018520832062	-0.8855093717575073	-0.4157524108886719	0.9728986024856567	0.23112934827804565	-0.00689926091581583
-3.8802590370178223	4.778900146484375	-0.47003287076950073	0.33803510665893555	0.9560494422912598	0.5	47	0.5	46	0.0	52	0.10220193862915039	-0.4030539095401764	0.9094517230987549	0.20742017030715942	-0.8855093717575073	-0.4157524108886719	0.9728986024856567	0.23112933337688446	-0.006899268366396427
-3.6180355548858643	4.808375358581543	-0.48643797636032104	0.3392159938812256	0.9809825420379639	0.5	46	0.5	45	0.0	52	0.10220193862915039	-0.4030539095401764	0.9094517230987549	0.20742018520832062	-0.8855093717575073	-0.4157524108886719	0.9728986024856567	0.23112934827804565	-0.00689926091581583
-3.6464128494262695	4.848065376281738	-0.5513946413993835	0.21595221757888794	0.9537105560302734	0.5	46	0.5	45	0.0	52	-0.11832892894744873	0.9844814538955688	-0.1295935958623886	0.08269821852445602	0.1398276537656784	0.9867163896560669	0.9895248413085938	0.10603994876146317	-0.09796053171157837
-3.8901360034942627	4.83276891708374	-0.44505900144577026	0.2241048812866211	0.9296979904174805	0.4938785991816685	47	0.4938785991816685	46	0.01224280163666308	35	-0.11832892894744873	0.9844814538955688	-0.1295935958623886	0.08269821107387543	0.1398276388645172	0.9867163300514221	0.989524781703949	0.10603994131088257	-0.09796051681041718
