72	28	1
-0.32177770137786865	1.914649248123169	8.356693267822266	0.007909774780273438	0.007796764373779297	1.0	0	0.0	0	0.0	0	-0.33717113733291626	0.9222702980041504	0.18903252482414246	0.9111515283584595	0.3702009320259094	-0.18098102509975433	-0.2368934452533722	0.11121568828821182	-0.9651490449905396
-0.23714661598205566	1.9339147806167603	8.413652420043945	0.015819191932678223	0.0	1.0	0	0.0	0	0.0	0	-0.33717113733291626	0.9222702980041504	0.18903252482414246	0.9111515879631042	0.3702009320259094	-0.18098101019859314	-0.2368934154510498	0.11121568083763123	-0.9651489853858948
-1.9778971672058105	2.750993490219116	1.322288990020752	0.015819191932678223	0.7860383987426758	1.0	0	0.0	0	0.0	0	-0.33717113733291626	0.9222702980041504	0.18903252482414246	0.9111515879631042	0.3702009320259094	-0.18098102509975433	-0.2368934154510498	0.11121568828821182	-0.9651489853858948
-2.039682149887085	2.7083640098571777	1.332542896270752	1.1920928955078125e-07	0.2140132188796997	1.0	0	0.0	0	0.0	0	0.34306830167770386	-0.9247985482215881	-0.1644744873046875	0.9111474752426147	0.37019670009613037	-0.18101033568382263	0.228286013007164	-0.08776161074638367	0.9696305990219116
-2.4290337562561035	2.9113147258758545	-0.6207246780395508	0.007909655570983887	0.0	1.0	0	0.0	0	0.0	0	0.34306830167770386	-0.9247985482215881	-0.1644744873046875	0.91114741563797	0.37019670009613037	-0.18101033568382263	0.228286013007164	-0.08776159584522247	0.9696305990219116
-1.972318410873413	2.7357335090637207	1.3191614151000977	0.007909536361694336	0.21401333808898926	1.0	0	0.0	0	0.0	0	0.34306830167770386	-0.9247985482215881	-0.1644744873046875	0.91114741563797	0.37019670009613037	-0.18101033568382263	0.228286013007164	-0.08776159584522247	0.9696305990219116
-2.0452613830566406	2.7236223220825195	1.3356704711914062	0.030223369598388672	0.7782416343688965	1.0	0	0.0	0	0.0	0	-0.911168098449707	-0.37014079093933105	0.1810205578804016	-0.3370778560638428	0.9222810864448547	0.18914569914340973	-0.23696236312389374	0.11132550984621048	-0.9651193618774414
-0.3162001967430115	1.8993908166885376	8.353568077087402	0.028453588485717773	0.0	1.0	0	0.0	0	0.0	0	-0.911168098449707	-0.37014079093933105	0.1810205578804016	-0.3370778560638428	0.9222810864448547	0.18914569914340973	-0.23696236312389374	0.11132550984621048	-0.9651193618774414
-0.32177770137786865	1.914649248123169	8.356693267822266	0.030223608016967773	4.76837158203125e-07	1.0	0	0.0	0	0.0	0	-0.911168098449707	-0.37014079093933105	0.1810205578804016	-0.33707788586616516	0.9222810864448547	0.18914571404457092	-0.23696237802505493	0.11132551729679108	-0.9651193618774414
-2.451733350753784	2.9734044075012207	-0.6079983711242676	0.023021459579467773	0.0	1.0	0	0.0	0	0.0	0	0.91114342212677	0.37020865082740784	-0.1810062825679779	-0.3371756076812744	0.922268271446228	0.18903417885303497	0.23691841959953308	-0.11120633035898209	0.9651439189910889
-1.972318410873413	2.7357335090637207	1.3191614151000977	0.021251440048217773	0.21396160125732422	1.0	0	0.0	0	0.0	0	0.91114342212677	0.37020865082740784	-0.1810062825679779	-0.3371756076812744	0.9222683310508728	0.18903419375419617	0.23691841959953308	-0.11120633780956268	0.9651439189910889
-2.4290337562561035	2.9113147258758545	-0.6207246780395508	0.015819311141967773	0.0	1.0	0	0.0	0	0.0	0	0.91114342212677	0.37020865082740784	-0.1810062825679779	-0.3371756076812744	0.9222683310508728	0.18903419375419617	0.23691841959953308	-0.11120633780956268	0.9651439189910889
-2.519097328186035	2.9460337162017822	-0.5946140289306641	0.030223608016967773	0.9922027587890625	1.0	0	0.0	0	0.0	0	-0.9111263751983643	-0.37025508284568787	0.18099689483642578	-0.33722448348999023	0.9222510457038879	0.18903093039989471	-0.2369142472743988	0.11119447648525238	-0.9651463627815247
-2.039682149887085	2.7083640098571777	1.332542896270752	0.028453350067138672	0.7782416343688965	1.0	0	0.0	0	0.0	0	-0.9111263751983643	-0.37025508284568787	0.18099689483642578	-0.33722448348999023	0.9222511053085327	0.1890309602022171	-0.2369142323732376	0.11119448393583298	-0.9651463031768799
-2.0452613830566406	2.7236223220825195	1.3356704711914062	0.030223369598388672	0.7782416343688965	1.0	0	0.0	0	0.0	0	-0.9111263751983643	-0.37025508284568787	0.18099689483642578	-0.33722448348999023	0.9222510457038879	0.18903093039989471	-0.2369142472743988	0.11119447648525238	-0.9651463627815247
-2.519097328186035	2.9460337162017822	-0.5946140289306641	0.007909655570983887	0.9999995231628418	1.0	0	0.0	0	0.0	0	-0.33717024326324463	0.922270655632019	0.18903228640556335	0.9111539125442505	0.3701991140842438	-0.18097330629825592	-0.2368859350681305	0.11121866852045059	-0.9651505351066589
-1.9778971672058105	2.750993490219116	1.322288990020752	0.015819191932678223	0.7860383987426758	1.0	0	0.0	0	0.0	0	-0.33717024326324463	0.922270655632019	0.18903228640556335	0.9111539125442505	0.3701991140842438	-0.18097329139709473	-0.2368859350681305	0.11121867597103119	-0.9651505351066589
-2.451733350753784	2.9734044075012207	-0.6079983711242676	0.015819191932678223	1.0	1.0	0	0.0	0	0.0	0	-0.33717024326324463	0.922270655632019	0.18903228640556335	0.9111539125442505	0.3701991140842438	-0.18097330629825592	-0.2368859350681305	0.11121866852045059	-0.9651505351066589
-1.972318410873413	2.7357335090637207	1.3191614151000977	0.021251440048217773	0.21396160125732422	1.0	0	0.0	0	0.0	0	0.9111761450767517	0.37011921405792236	-0.18102477490901947	-0.3370789587497711	0.9223002791404724	0.1890501230955124	0.23693028092384338	-0.11123832315206528	0.9651374220848083
-0.23714661598205566	1.9339147806167603	8.413652420043945	0.023021459579467773	0.9999997615814209	1.0	0	0.0	0	0.0	0	0.9111761450767517	0.37011921405792236	-0.18102477490901947	-0.3370789587497711	0.9223002791404724	0.1890501230955124	0.23693028092384338	-0.11123832315206528	0.9651374220848083
-0.2315692901611328	1.918655276298523	8.410526275634766	0.021251678466796875	0.9999999403953552	1.0	0	0.0	0	0.0	0	0.9111761450767517	0.37011921405792236	-0.18102477490901947	-0.3370789587497711	0.9223002791404724	0.1890501230955124	0.23693028092384338	-0.11123832315206528	0.9651374220848083
-2.4963998794555664	2.8839452266693115	-0.6073412895202637	0.03742575645446777	0.007909655570983887	1.0	0	0.0	0	0.0	0	-0.23692187666893005	0.11120490729808807	-0.9651432037353516	0.3371603786945343	-0.9222744703292847	-0.18903113901615143	-0.9111481308937073	-0.3701936900615692	0.18101312220096588
-2.451733350753784	2.9734044075012207	-0.6079983711242676	0.030223608016967773	1.1920928955078125e-07	1.0	0	0.0	0	0.0	0	-0.23692187666893005	0.11120490729808807	-0.9651432037353516	0.3371603488922119	-0.9222744703292847	-0.18903113901615143	-0.9111481308937073	-0.3701936602592468	0.18101312220096588
-2.4290337562561035	2.9113147258758545	-0.6207246780395508	0.03742575645446777	0.0	1.0	0	0.0	0	0.0	0	-0.23692187666893005	0.11120490729808807	-0.9651432037353516	0.3371603488922119	-0.9222745299339294	-0.18903115391731262	-0.9111480712890625	-0.37019363045692444	0.1810131072998047
-0.23714661598205566	1.9339147806167603	8.413652420043945	0.375	0.0	1.0	0	0.0	0	0.0	0	0.0	0.0	0.0	1.0	0.0	0.0	0.0	0.0	0.0
-0.2315692901611328	1.918655276298523	8.410526275634766	0.375	0.25	1.0	0	0.0	0	0.0	0	0.0	0.0	0.0	1.0	0.0	0.0	0.0	0.0	0.0
-0.32177770137786865	1.914649248123169	8.356693267822266	0.625	0.0	1.0	0	0.0	0	0.0	0	0.0	0.0	0.0	1.0	0.0	0.0	0.0	0.0	0.0
-0.3162001967430115	1.8993908166885376	8.353568077087402	0.625	0.25	1.0	0	0.0	0	0.0	0	0.0	0.0	0.0	1.0	0.0	0.0	0.0	0.0	0.0
-0.23714661598205566	1.9339147806167603	8.413652420043945	0.03199362754821777	0.007909774780273438	1.0	0	0.0	0	0.0	0	-0.4709606170654297	-0.3389827311038971	0.8144242167472839	-0.33710360527038574	0.9223118424415588	0.18894977867603302	-0.815203845500946	-0.18555743992328644	-0.5486448407173157
-0.3162001967430115	1.8993908166885376	8.353568077087402	0.030223608016967773	0.015706539154052734	1.0	0	0.0	0	0.0	0	-0.4709606170654297	-0.3389827311038971	0.8144242167472839	-0.33710360527038574	0.9223118424415588	0.18894977867603302	-0.815203845500946	-0.18555743992328644	-0.5486448407173157
-0.2315692901611328	1.918655276298523	8.410526275634766	0.030223608016967773	0.007909774780273438	1.0	0	0.0	0	0.0	0	-0.4709606170654297	-0.3389827311038971	0.8144242167472839	-0.33710360527038574	0.9223119020462036	0.1889497935771942	-0.8152039051055908	-0.18555743992328644	-0.5486448407173157
-2.039682149887085	2.7083640098571777	1.332542896270752	1.1920928955078125e-07	0.2140132188796997	1.0	0	0.0	0	0.0	0	0.3371641933917999	-0.9222731590270996	-0.18903090059757233	0.9111472964286804	0.370197057723999	-0.18101026117801666	0.2369195520877838	-0.11120478808879852	0.9651437997817993
-1.972318410873413	2.7357335090637207	1.3191614151000977	0.007909536361694336	0.21401333808898926	1.0	0	0.0	0	0.0	0	0.3371641933917999	-0.9222731590270996	-0.18903090059757233	0.9111472964286804	0.37019702792167664	-0.18101026117801666	0.2369195818901062	-0.11120481044054031	0.9651439189910889
-0.3162001967430115	1.8993908166885376	8.353568077087402	2.384185791015625e-07	0.9921920895576477	1.0	0	0.0	0	0.0	0	0.3371641933917999	-0.9222731590270996	-0.18903090059757233	0.9111472964286804	0.370197057723999	-0.18101026117801666	0.2369195818901062	-0.11120481044054031	0.9651439189910889
-2.0452613830566406	2.7236223220825195	1.3356704711914062	0.007909655570983887	0.7860383987426758	1.0	0	0.0	0	0.0	0	0.0	0.0	0.0	1.0	0.0	0.0	0.0	0.0	0.0
-0.32177770137786865	1.914649248123169	8.356693267822266	0.007909774780273438	0.007796764373779297	1.0	0	0.0	0	0.0	0	0.0	0.0	0.0	1.0	0.0	0.0	0.0	0.0	0.0
-0.23714661598205566	1.9339147806167603	8.413652420043945	0.015819191932678223	0.0	1.0	0	0.0	0	0.0	0	0.0	0.0	0.0	1.0	0.0	0.0	0.0	0.0	0.0
-1.9778971672058105	2.750993490219116	1.322288990020752	0.015819191932678223	0.7860383987426758	1.0	0	0.0	0	0.0	0	0.0	0.0	0.0	1.0	0.0	0.0	0.0	0.0	0.0
-2.0452613830566406	2.7236223220825195	1.3356704711914062	0.007909655570983887	0.7860383987426758	1.0	0	0.0	0	0.0	0	-0.33718085289001465	0.9222663044929504	0.1890343725681305	0.9111445546150208	0.3702123761177063	-0.1809931844472885	-0.23690678179264069	0.11121020466089249	-0.9651464223861694
-0.32177770137786865	1.914649248123169	8.356693267822266	0.007909774780273438	0.007796764373779297	1.0	0	0.0	0	0.0	0	-0.33718085289001465	0.9222663044929504	0.1890343725681305	0.9111445546150208	0.3702123761177063	-0.1809932142496109	-0.23690681159496307	0.11121019721031189	-0.9651464223861694
-1.9778971672058105	2.750993490219116	1.322288990020752	0.015819191932678223	0.7860383987426758	1.0	0	0.0	0	0.0	0	-0.33718085289001465	0.9222663044929504	0.1890343725681305	0.911144495010376	0.3702123761177063	-0.1809931844472885	-0.2369067668914795	0.11121019721031189	-0.9651463627815247
-2.039682149887085	2.7083640098571777	1.332542896270752	1.1920928955078125e-07	0.2140132188796997	1.0	0	0.0	0	0.0	0	0.3430541455745697	-0.9248040914535522	-0.16447226703166962	0.9111522436141968	0.37018266320228577	-0.1810147613286972	0.22828799486160278	-0.08776142448186874	0.9696301221847534
-2.4963998794555664	2.8839452266693115	-0.6073412895202637	0.0	0.0	1.0	0	0.0	0	0.0	0	0.3430541455745697	-0.9248040914535522	-0.16447226703166962	0.9111522436141968	0.37018266320228577	-0.1810147762298584	0.22828800976276398	-0.08776141703128815	0.9696301221847534
-2.4290337562561035	2.9113147258758545	-0.6207246780395508	0.007909655570983887	0.0	1.0	0	0.0	0	0.0	0	0.3430541455745697	-0.9248040914535522	-0.16447226703166962	0.9111522436141968	0.37018266320228577	-0.1810147762298584	0.22828800976276398	-0.08776141703128815	0.9696301221847534
-2.0452613830566406	2.7236223220825195	1.3356704711914062	0.030223369598388672	0.7782416343688965	1.0	0	0.0	0	0.0	0	-0.9111263751983643	-0.37025508284568787	0.180996835231781	-0.337222695350647	0.9222501516342163	0.18903836607933044	-0.23691678047180176	0.11120159924030304	-0.9651448726654053
-2.039682149887085	2.7083640098571777	1.332542896270752	0.028453350067138672	0.7782416343688965	1.0	0	0.0	0	0.0	0	-0.9111263751983643	-0.37025508284568787	0.180996835231781	-0.337222695350647	0.9222501516342163	0.18903836607933044	-0.23691678047180176	0.11120159924030304	-0.9651448726654053
-0.3162001967430115	1.8993908166885376	8.353568077087402	0.028453588485717773	0.0	1.0	0	0.0	0	0.0	0	-0.9111263751983643	-0.37025508284568787	0.180996835231781	-0.3372226655483246	0.9222501516342163	0.18903836607933044	-0.23691678047180176	0.11120161414146423	-0.9651448726654053
-2.451733350753784	2.9734044075012207	-0.6079983711242676	0.023021459579467773	0.0	1.0	0	0.0	0	0.0	0	0.9111478328704834	0.3701964318752289	-0.18100884556770325	-0.33716580271720886	0.9222742319107056	0.18902245163917542	0.23691526055335999	-0.11119741946458817	0.9651458263397217
-1.9778971672058105	2.750993490219116	1.322288990020752	0.023021459579467773	0.21396160125732422	1.0	0	0.0	0	0.0	0	0.9111478328704834	0.3701964318752289	-0.18100884556770325	-0.33716580271720886	0.9222742319107056	0.1890224665403366	0.23691526055335999	-0.11119743436574936	0.9651458263397217
-1.972318410873413	2.7357335090637207	1.3191614151000977	0.021251440048217773	0.21396160125732422	1.0	0	0.0	0	0.0	0	0.9111478328704834	0.3701964318752289	-0.18100884556770325	-0.33716580271720886	0.9222742319107056	0.18902245163917542	0.23691526055335999	-0.11119741946458817	0.9651458263397217
-2.519097328186035	2.9460337162017822	-0.5946140289306641	0.030223608016967773	0.9922027587890625	1.0	0	0.0	0	0.0	0	-0.9111499786376953	-0.37019020318984985	0.18101075291633606	-0.33716750144958496	0.9222804307937622	0.18898899853229523	-0.2369045913219452	0.11116638779640198	-0.9651520252227783
-2.4963998794555664	2.8839452266693115	-0.6073412895202637	0.023021459579467773	0.9922032356262207	1.0	0	0.0	0	0.0	0	-0.9111499786376953	-0.37019020318984985	0.18101075291633606	-0.33716750144958496	0.9222804307937622	0.18898901343345642	-0.2369045913219452	0.11116640269756317	-0.9651520252227783
-2.039682149887085	2.7083640098571777	1.332542896270752	0.028453350067138672	0.7782416343688965	1.0	0	0.0	0	0.0	0	-0.9111499786376953	-0.37019020318984985	0.18101075291633606	-0.33716750144958496	0.922280490398407	0.18898901343345642	-0.236904576420784	0.11116638779640198	-0.9651519656181335
-2.519097328186035	2.9460337162017822	-0.5946140289306641	0.007909655570983887	0.9999995231628418	1.0	0	0.0	0	0.0	0	-0.337181031703949	0.9222661852836609	0.1890348345041275	0.911144495010376	0.370212584733963	-0.18099264800548553	-0.23690646886825562	0.11121075600385666	-0.9651464223861694
-2.0452613830566406	2.7236223220825195	1.3356704711914062	0.007909655570983887	0.7860383987426758	1.0	0	0.0	0	0.0	0	-0.337181031703949	0.9222661852836609	0.1890348345041275	0.9111445546150208	0.3702126145362854	-0.18099263310432434	-0.23690643906593323	0.11121074855327606	-0.9651463627815247
-1.9778971672058105	2.750993490219116	1.322288990020752	0.015819191932678223	0.7860383987426758	1.0	0	0.0	0	0.0	0	-0.337181031703949	0.9222661852836609	0.1890348345041275	0.911144495010376	0.370212584733963	-0.18099264800548553	-0.23690646886825562	0.11121075600385666	-0.9651464223861694
-1.972318410873413	2.7357335090637207	1.3191614151000977	0.021251440048217773	0.21396160125732422	1.0	0	0.0	0	0.0	0	0.9111478328704834	0.37019646167755127	-0.18100911378860474	-0.3371657729148865	0.9222742915153503	0.18902264535427094	0.23691554367542267	-0.11119746416807175	0.9651456475257874
-1.9778971672058105	2.750993490219116	1.322288990020752	0.023021459579467773	0.21396160125732422	1.0	0	0.0	0	0.0	0	0.9111478328704834	0.37019646167755127	-0.18100911378860474	-0.3371657431125641	0.9222742319107056	0.18902263045310974	0.23691552877426147	-0.11119747161865234	0.9651456475257874
-0.23714661598205566	1.9339147806167603	8.413652420043945	0.023021459579467773	0.9999997615814209	1.0	0	0.0	0	0.0	0	0.9111478328704834	0.37019646167755127	-0.18100911378860474	-0.3371657729148865	0.9222742319107056	0.18902263045310974	0.23691555857658386	-0.11119747161865234	0.9651457071304321
-2.4963998794555664	2.8839452266693115	-0.6073412895202637	0.03742575645446777	0.007909655570983887	1.0	0	0.0	0	0.0	0	-0.23694898188114166	0.11121849715709686	-0.9651350975036621	0.33715182542800903	-0.9222730994224548	-0.18905292451381683	-0.9111443161964417	-0.3701929450035095	0.1810341328382492
-2.519097328186035	2.9460337162017822	-0.5946140289306641	0.030223608016967773	0.007909655570983887	1.0	0	0.0	0	0.0	0	-0.23694898188114166	0.11121849715709686	-0.9651350975036621	0.33715182542800903	-0.9222730994224548	-0.18905292451381683	-0.9111443161964417	-0.3701929450035095	0.1810341328382492
-2.451733350753784	2.9734044075012207	-0.6079983711242676	0.030223608016967773	1.1920928955078125e-07	1.0	0	0.0	0	0.0	0	-0.23694898188114166	0.11121849715709686	-0.9651350975036621	0.33715182542800903	-0.9222731590270996	-0.18905292451381683	-0.9111442565917969	-0.37019291520118713	0.1810341328382492
-0.23714661598205566	1.9339147806167603	8.413652420043945	0.03199362754821777	0.007909774780273438	1.0	0	0.0	0	0.0	0	-0.4709698259830475	-0.3389649987220764	0.8144263029098511	-0.3368239998817444	0.9223800301551819	0.18911544978618622	-0.8153141140937805	-0.1852506697177887	-0.5485846996307373
-0.32177770137786865	1.914649248123169	8.356693267822266	0.03199362754821777	0.015707015991210938	1.0	0	0.0	0	0.0	0	-0.4709698259830475	-0.3389649987220764	0.8144263029098511	-0.3368239998817444	0.9223800897598267	0.1891154646873474	-0.8153140544891357	-0.1852506548166275	-0.5485846996307373
-0.3162001967430115	1.8993908166885376	8.353568077087402	0.030223608016967773	0.015706539154052734	1.0	0	0.0	0	0.0	0	-0.4709698259830475	-0.3389649987220764	0.8144263029098511	-0.3368240296840668	0.9223800301551819	0.18911543488502502	-0.8153140544891357	-0.1852506697177887	-0.5485846996307373
-1.972318410873413	2.7357335090637207	1.3191614151000977	0.007909536361694336	0.21401333808898926	1.0	0	0.0	0	0.0	0	0.0	0.0	0.0	1.0	0.0	0.0	0.0	0.0	0.0
-0.2315692901611328	1.918655276298523	8.410526275634766	0.007909655570983887	0.9999884366989136	1.0	0	0.0	0	0.0	0	0.0	0.0	0.0	1.0	0.0	0.0	0.0	0.0	0.0
-0.3162001967430115	1.8993908166885376	8.353568077087402	2.384185791015625e-07	0.9921920895576477	1.0	0	0.0	0	0.0	0	0.0	0.0	0.0	1.0	0.0	0.0	0.0	0.0	0.0
-2.039682149887085	2.7083640098571777	1.332542896270752	1.1920928955078125e-07	0.2140132188796997	1.0	0	0.0	0	0.0	0	0.0	0.0	0.0	1.0	0.0	0.0	0.0	0.0	0.0
-1.972318410873413	2.7357335090637207	1.3191614151000977	0.007909536361694336	0.21401333808898926	1.0	0	0.0	0	0.0	0	0.33715736865997314	-0.9222758412361145	-0.18902960419654846	0.9111477136611938	0.37019118666648865	-0.1810203194618225	0.23692777752876282	-0.11120155453681946	0.9651421904563904
-0.2315692901611328	1.918655276298523	8.410526275634766	0.007909655570983887	0.9999884366989136	1.0	0	0.0	0	0.0	0	0.33715736865997314	-0.9222758412361145	-0.18902960419654846	0.9111477136611938	0.37019118666648865	-0.1810203194618225	0.23692777752876282	-0.11120155453681946	0.9651421904563904
-0.3162001967430115	1.8993908166885376	8.353568077087402	2.384185791015625e-07	0.9921920895576477	1.0	0	0.0	0	0.0	0	0.33715736865997314	-0.9222758412361145	-0.18902960419654846	0.9111477136611938	0.37019118666648865	-0.18102030456066132	0.23692774772644043	-0.11120156943798065	0.9651421904563904
0	1	2
3	4	5
6	7	8
9	10	11
12	13	14
15	16	17
18	19	20
21	22	23
24	25	25
26	27	26
28	29	30
31	32	33
34	35	35
36	36	37
38	39	40
41	42	43
44	45	46
47	48	49
50	51	52
53	54	55
56	57	58
59	60	61
24	24	25
26	27	27
62	63	64
65	66	66
67	67	68
69	70	71
