1965	658	71
-3.3670482635498047	4.883031845092773	-0.37008821964263916	0.48273229598999023	0.3800835907459259	0.5	31	0.5	30	0.0	68	-0.9468870759010315	-0.3004609942436218	0.11457840353250504	0.29226064682006836	-0.9527237415313721	-0.08307401090860367	0.1341220587491989	-0.04517494514584541	0.9899346828460693
-3.3342957496643066	4.668735504150391	-0.6613713502883911	0.5063600540161133	0.3547340929508209	0.5	31	0.5	30	0.0	68	-0.9468870759010315	-0.3004609942436218	0.11457840353250504	0.29226064682006836	-0.9527237415313721	-0.08307401090860367	0.1341220587491989	-0.04517494514584541	0.9899346828460693
-3.2954940795898438	4.649776458740234	-0.39042723178863525	0.5054903030395508	0.3800835907459259	0.5	31	0.5	30	0.0	68	-0.9468870759010315	-0.3004609942436218	0.11457840353250504	0.29226064682006836	-0.9527237415313721	-0.08307400345802307	0.1341220587491989	-0.045174941420555115	0.9899346828460693
-3.3660390377044678	4.93290901184082	-0.6801944971084595	0.8917417526245117	0.31946074962615967	0.5	31	0.5	30	0.0	68	0.054185062646865845	-0.06448882818222046	-0.9964462518692017	0.11900514364242554	-0.9903827905654907	0.07056770473718643	-0.9914140105247498	-0.12240593880414963	-0.04598945006728172
-2.454756736755371	4.728468418121338	-0.617409348487854	0.9211835861206055	0.23533284664154053	0.5	31	0.5	30	0.0	68	0.054185062646865845	-0.06448882818222046	-0.9964462518692017	0.11900515109300613	-0.990382730960846	0.07056769728660583	-0.9914140701293945	-0.12240596115589142	-0.04598945006728172
-3.3342957496643066	4.668735504150391	-0.6613713502883911	0.9169425964355469	0.31946074962615967	0.5	31	0.5	30	0.0	68	0.054185062646865845	-0.06448882818222046	-0.9964462518692017	0.11900514364242554	-0.990382730960846	0.07056769728660583	-0.9914140701293945	-0.12240595370531082	-0.04598945006728172
-2.454756736755371	4.728468418121338	-0.617409348487854	0.3046846389770508	0.8815049529075623	0.5	31	0.5	30	0.0	68	0.9187629818916321	-0.3480130136013031	0.18644432723522186	0.30204400420188904	0.9236903190612793	0.2357238382101059	-0.25425177812576294	-0.16025994718074799	0.953767716884613
-2.47208309173584	4.950845241546631	-0.11694443225860596	0.3364579677581787	0.9230770468711853	0.5	31	0.5	30	0.0	68	0.9187629818916321	-0.3480130136013031	0.18644432723522186	0.30204400420188904	0.9236902594566345	0.2357238531112671	-0.25425177812576294	-0.16025996208190918	0.9537676572799683
-2.5526318550109863	4.676525592803955	-0.23205435276031494	0.308391809463501	0.9188511967658997	0.5	31	0.5	30	0.0	68	0.9187629818916321	-0.3480130136013031	0.18644432723522186	0.30204400420188904	0.9236901998519897	0.2357238084077835	-0.25425177812576294	-0.16025994718074799	0.953767716884613
-2.5526318550109863	4.676525592803955	-0.23205435276031494	0.2821333408355713	0.8808646202087402	0.5	31	0.5	30	0.0	68	-0.2012292444705963	-0.14618586003780365	0.9685745239257812	-0.04799657315015793	0.9890850186347961	0.1393098086118698	-0.9783675670623779	-0.01845504902303219	-0.20604921877384186
-3.3670482635498047	4.883031845092773	-0.37008821964263916	0.3046846389770508	0.9589688777923584	0.5	31	0.5	30	0.0	68	-0.2012292444705963	-0.14618586003780365	0.9685745239257812	-0.04799656942486763	0.9890849590301514	0.13930979371070862	-0.9783676266670227	-0.01845504902303219	-0.20604923367500305
-3.2954940795898438	4.649776458740234	-0.39042723178863525	0.2836127281188965	0.953120231628418	0.5	31	0.5	30	0.0	68	-0.2012292444705963	-0.14618586003780365	0.9685745239257812	-0.04799657315015793	0.9890850186347961	0.1393098086118698	-0.9783675670623779	-0.01845504902303219	-0.20604921877384186
-2.454756736755371	4.728468418121338	-0.617409348487854	0.5809322595596313	0.918522834777832	0.5	31	0.5	30	0.0	68	0.07151205837726593	-0.99424147605896	-0.07981223613023758	0.04986792430281639	0.08348088711500168	-0.9952608942985535	0.9961923360824585	0.06719307601451874	0.05555064231157303
-3.2954940795898438	4.649776458740234	-0.39042723178863525	0.5552793741226196	0.8394207954406738	0.5	31	0.5	30	0.0	68	0.07151205837726593	-0.99424147605896	-0.07981223613023758	0.04986792430281639	0.08348087966442108	-0.9952608346939087	0.9961923956871033	0.06719308346509933	0.055550649762153625
-3.3342957496643066	4.668735504150391	-0.6613713502883911	0.5809322595596313	0.8344252109527588	0.5	31	0.5	30	0.0	68	0.07151205837726593	-0.99424147605896	-0.07981223613023758	0.04986792802810669	0.08348088711500168	-0.9952608942985535	0.9961923360824585	0.06719307601451874	0.05555064603686333
-2.43359112739563	5.077083110809326	-0.644877552986145	0.4935905933380127	0.9234066009521484	0.5	31	0.5	30	0.0	68	-0.13570088148117065	0.9657777547836304	0.22103999555110931	-0.07073398679494858	-0.23197849094867706	0.9701457023620605	0.9882216453552246	0.11601458489894867	0.09979299455881119
-3.3670482635498047	4.883031845092773	-0.37008821964263916	0.525492787361145	0.8364698886871338	0.5	31	0.5	30	0.0	68	-0.13570088148117065	0.9657777547836304	0.22103999555110931	-0.07073398679494858	-0.23197849094867706	0.9701457023620605	0.9882216453552246	0.11601459234952927	0.09979300200939178
-2.47208309173584	4.950845241546631	-0.11694443225860596	0.5437197685241699	0.9234066009521484	0.5	31	0.5	30	0.0	68	-0.13570088148117065	0.9657777547836304	0.22103999555110931	-0.07073398679494858	-0.23197849094867706	0.9701457023620605	0.9882216453552246	0.11601458489894867	0.09979299455881119
-3.611034631729126	4.691916465759277	-0.7610862255096436	0.7955999374389648	0.9236855506896973	0.5	31	0.5	30	0.0	68	0.055473875254392624	-0.03003109246492386	-0.9980084896087646	-0.21361590921878815	0.9760468006134033	-0.041243989020586014	0.9753414392471313	0.21547843515872955	0.0477299727499485
-3.303973436355591	4.967945098876953	-0.7523243427276611	0.8149929046630859	0.9579963684082031	0.5	31	0.5	30	0.0	68	0.055473875254392624	-0.03003109246492386	-0.9980084896087646	-0.21361589431762695	0.9760466814041138	-0.041243989020586014	0.9753414392471313	0.21547845005989075	0.0477299727499485
-3.276862382888794	4.66837215423584	-0.7418029308319092	0.786653995513916	0.9544060230255127	0.5	31	0.5	30	0.0	68	0.055473875254392624	-0.03003109246492386	-0.9980084896087646	-0.21361589431762695	0.9760467410087585	-0.041243989020586014	0.9753414988517761	0.21547845005989075	0.0477299764752388
-3.7165510654449463	4.8748626708984375	-0.7315561771392822	0.6834306716918945	0.38141298294067383	0.4976563112950392	31	0.4976563112950392	30	0.004687377409921645	33	-0.21346068382263184	0.9707204699516296	0.11016499996185303	0.9743078351020813	0.2198154777288437	-0.04904430732131004	-0.07182428985834122	0.09686558693647385	-0.9927025437355042
-3.339967727661133	4.912001132965088	-0.32911741733551025	0.7176799774169922	0.3413742780685425	0.5	31	0.5	30	0.0	68	-0.21346068382263184	0.9707204699516296	0.11016499996185303	0.9743078351020813	0.2198154777288437	-0.04904430732131004	-0.07182428985834122	0.09686558693647385	-0.9927025437355042
-3.303973436355591	4.967945098876953	-0.7523243427276611	0.7227954864501953	0.38141298294067383	0.5	31	0.5	30	0.0	68	-0.21346068382263184	0.9707204699516296	0.11016499996185303	0.9743078351020813	0.2198154777288437	-0.04904431104660034	-0.07182428985834122	0.09686558693647385	-0.9927025437355042
-3.339967727661133	4.912001132965088	-0.32911741733551025	0.7132115364074707	0.9228321313858032	0.5	31	0.5	30	0.0	68	-0.038041602820158005	-0.21646516025066376	0.9755489826202393	-0.12190914899110794	0.9699686169624329	0.21047307550907135	-0.9918120503425598	-0.11092162132263184	-0.06328824907541275
-3.5891449451446533	4.703787803649902	-0.3850346803665161	0.6972594261169434	0.9489613771438599	0.5	31	0.5	30	0.0	68	-0.038041602820158005	-0.21646516025066376	0.9755489826202393	-0.12190915644168854	0.9699687361717224	0.21047310531139374	-0.991811990737915	-0.11092161387205124	-0.06328824162483215
-3.2548651695251465	4.659592151641846	-0.38180601596832275	0.6907117366790771	0.9177666902542114	0.5	31	0.5	30	0.0	68	-0.038041602820158005	-0.21646516025066376	0.9755489826202393	-0.12190915644168854	0.9699686765670776	0.21047309041023254	-0.9918120503425598	-0.11092162132263184	-0.06328824907541275
-3.5891449451446533	4.703787803649902	-0.3850346803665161	0.862288236618042	0.9165355563163757	0.5	31	0.5	30	0.0	68	-0.13090026378631592	-0.9912635684013367	-0.01617751643061638	-0.9898809194564819	0.12978120148181915	0.05738269165158272	-0.054781828075647354	0.023525221273303032	-0.9982211589813232
-3.276862382888794	4.66837215423584	-0.7418029308319092	0.8305366039276123	0.9488210678100586	0.5	31	0.5	30	0.0	68	-0.13090026378631592	-0.9912635684013367	-0.01617751643061638	-0.9898809194564819	0.12978120148181915	0.05738268792629242	-0.054781824350357056	0.023525219410657883	-0.9982211589813232
-3.2548651695251465	4.659592151641846	-0.38180601596832275	0.8304369449615479	0.9143804311752319	0.5	31	0.5	30	0.0	68	-0.13090026378631592	-0.9912635684013367	-0.01617751643061638	-0.9898809194564819	0.12978120148181915	0.05738269165158272	-0.054781828075647354	0.023525221273303032	-0.9982211589813232
-3.303973436355591	4.967945098876953	-0.7523243427276611	0.22625231742858887	0.6279454827308655	0.5	31	0.5	30	0.0	68	0.9944002628326416	0.08793352544307709	-0.058617111295461655	-0.07992410659790039	0.9886462092399597	0.12724265456199646	0.0691404789686203	-0.12184520810842514	0.990138053894043
-3.2548651695251465	4.659592151641846	-0.38180601596832275	0.201768159866333	0.6666281223297119	0.5	31	0.5	30	0.0	68	0.9944002628326416	0.08793352544307709	-0.058617111295461655	-0.07992410659790039	0.9886462688446045	0.12724266946315765	0.0691404864192009	-0.12184522300958633	0.9901381134986877
-3.276862382888794	4.66837215423584	-0.7418029308319092	0.19805026054382324	0.6325735449790955	0.5	31	0.5	30	0.0	68	0.9944002628326416	0.08793352544307709	-0.058617111295461655	-0.07992410659790039	0.9886462092399597	0.12724265456199646	0.0691404789686203	-0.12184520810842514	0.990138053894043
-3.7165510654449463	4.8748626708984375	-0.7315561771392822	0.5888726711273193	0.9576575756072998	0.4976563112950392	31	0.4976563112950392	30	0.004687377409921645	33	-0.8682184815406799	-0.490132600069046	0.07724479585886002	-0.4953668713569641	0.8651444315910339	-0.07833749055862427	-0.028432149440050125	-0.10627856850624084	-0.9939298629760742
-3.5891449451446533	4.703787803649902	-0.3850346803665161	0.5709857940673828	0.9265992641448975	0.5	31	0.5	30	0.0	68	-0.8682184815406799	-0.490132600069046	0.07724479585886002	-0.4953668713569641	0.8651444315910339	-0.07833749055862427	-0.028432149440050125	-0.10627856850624084	-0.9939298629760742
-3.687225341796875	4.888458251953125	-0.31567347049713135	0.5888726711273193	0.9185227155685425	0.5097587602359863	31	0.4902412397640136	30	0.0	68	-0.8682184815406799	-0.490132600069046	0.07724479585886002	-0.4953668713569641	0.8651444911956787	-0.07833749055862427	-0.028432145714759827	-0.10627855360507965	-0.9939298033714294
-4.110595226287842	4.737914085388184	-0.3929091691970825	0.6217668056488037	0.7429616451263428	0.5	47	0.5	46	0.0	68	-0.2211974412202835	-0.2902887761592865	-0.931023120880127	-0.14342674612998962	0.953973650932312	-0.26336854696273804	0.9646245241165161	0.0752771720290184	-0.25265175104141235
-4.2169108390808105	4.72232723236084	-0.36279022693634033	0.6220901012420654	0.7327601909637451	0.9365607839633517	47	0.06343921603664827	46	0.0	68	-0.2211974412202835	-0.2902887761592865	-0.931023120880127	-0.14342674612998962	0.9539737105369568	-0.2633685767650604	0.9646245241165161	0.0752771720290184	-0.25265172123908997
-4.125362873077393	4.788066864013672	-0.4050379991531372	0.6266167163848877	0.7422831058502197	0.49001206831219013	47	0.49001206831219013	46	0.01997586337561976	45	-0.2211974412202835	-0.2902887761592865	-0.931023120880127	-0.14342673122882843	0.953973650932312	-0.26336854696273804	0.9646245241165161	0.0752771720290184	-0.25265175104141235
-4.125362873077393	4.788066864013672	-0.4050379991531372	0.9628615379333496	0.5241365432739258	0.49001206831219013	47	0.49001206831219013	46	0.01997586337561976	45	-0.5809130668640137	0.81341552734375	0.029919780790805817	0.08159146457910538	0.021618152037262917	0.9964313507080078	0.8098658919334412	0.5812812447547913	-0.07892603427171707
-4.210116863250732	4.724218845367432	-0.31478798389434814	0.9705946445465088	0.5154323577880859	0.9699743379196086	47	0.030025662080391327	46	0.0	68	-0.5809130668640137	0.81341552734375	0.029919780790805817	0.08159146457910538	0.021618150174617767	0.9964314103126526	0.8098659515380859	0.5812812447547913	-0.07892603427171707
-4.101396083831787	4.802187919616699	-0.32360899448394775	0.9708371162414551	0.5257706642150879	0.5	47	0.5	46	0.0	68	-0.5809130668640137	0.81341552734375	0.029919780790805817	0.08159146457910538	0.021618150174617767	0.9964314103126526	0.8098659515380859	0.5812812447547913	-0.07892603427171707
-4.101396083831787	4.802187919616699	-0.32360899448394775	0.8237876892089844	0.844001293182373	0.5	47	0.5	46	0.0	68	0.3411007821559906	-0.37827518582344055	0.8605569005012512	0.2042849361896515	-0.8637517690658569	-0.4606523811817169	0.917560875415802	0.3329277038574219	-0.21735048294067383
-4.210116863250732	4.724218845367432	-0.31478798389434814	0.8293328285217285	0.8324618339538574	0.9699743379196086	47	0.030025662080391327	46	0.0	68	0.3411007821559906	-0.37827518582344055	0.8605569005012512	0.2042849063873291	-0.8637517690658569	-0.4606524109840393	0.9175609350204468	0.3329276740550995	-0.21735048294067383
-4.093777179718018	4.748012065887451	-0.3504430055618286	0.8281285762786865	0.8435299396514893	0.5	47	0.5	46	0.0	68	0.3411007821559906	-0.37827518582344055	0.8605569005012512	0.2042849361896515	-0.8637517690658569	-0.4606524109840393	0.9175609350204468	0.3329276740550995	-0.21735048294067383
-3.614825487136841	4.865433692932129	-0.3654896020889282	0.6266167163848877	0.791658878326416	0.5	45	0.5	44	0.0	68	0.9534624218940735	0.09262046217918396	-0.2869335412979126	-0.14806333184242249	0.9728309512138367	-0.1779811978340149	0.26265308260917664	0.21218270063400269	0.9412713646888733
-3.6305177211761475	4.802367687225342	-0.43799126148223877	0.6203982830047607	0.7891130447387695	0.49484060395230445	45	0.49484060395230445	44	0.010318792095391074	48	0.9534624218940735	0.09262046217918396	-0.2869335412979126	-0.14806333184242249	0.9728308916091919	-0.1779812127351761	0.262653112411499	0.21218273043632507	0.9412714242935181
-3.6403024196624756	4.850596904754639	-0.4549371004104614	0.6249592304229736	0.7888669967651367	0.49521912211169244	45	0.49521912211169244	44	0.009561755776615123	30	0.9534624218940735	0.09262046217918396	-0.2869335412979126	-0.14806333184242249	0.9728309512138367	-0.1779811978340149	0.26265308260917664	0.21218270063400269	0.9412713646888733
-3.8644402027130127	4.782444953918457	-0.3747469186782837	0.9535544514656067	0.9250555038452148	0.5	46	0.5	45	0.0	68	0.12951058149337769	-0.9766585230827332	0.17136280238628387	0.10923635959625244	0.1858191341161728	0.9764930605888367	-0.9855427145957947	-0.1077471375465393	0.13075216114521027
-3.6305177211761475	4.802367687225342	-0.43799126148223877	0.9500381946563721	0.9021844863891602	0.49484060395230445	45	0.49484060395230445	44	0.010318792095391074	48	0.12951058149337769	-0.9766585230827332	0.17136280238628387	0.10923637449741364	0.1858191341161728	0.9764931201934814	-0.9855427742004395	-0.1077471375465393	0.13075217604637146
-3.5016701221466064	4.827138423919678	-0.39419281482696533	0.9555664658546448	0.8904216289520264	0.4918312805097462	45	0.4918312805097462	44	0.016337438980507595	31	0.12951058149337769	-0.9766585230827332	0.17136280238628387	0.10923636704683304	0.1858191341161728	0.9764931201934814	-0.9855427742004395	-0.1077471375465393	0.13075217604637146
-3.614825487136841	4.865433692932129	-0.3654896020889282	0.8247861862182617	0.8903520107269287	0.5	45	0.5	44	0.0	68	0.09770330786705017	-0.3957347571849823	0.9131528735160828	0.20553214848041534	-0.8897392153739929	-0.4075790047645569	0.9737610816955566	0.22750407457351685	-0.00559425400570035
-3.8644402027130127	4.782444953918457	-0.3747469186782837	0.8280634880065918	0.8654310703277588	0.5	46	0.5	45	0.0	68	0.09770330786705017	-0.3957347571849823	0.9131528735160828	0.20553214848041534	-0.8897392153739929	-0.4075790047645569	0.9737610816955566	0.22750407457351685	-0.00559425400570035
-3.5016701221466064	4.827138423919678	-0.39419281482696533	0.8293328285217285	0.9000232219696045	0.4918312805097462	45	0.4918312805097462	44	0.016337438980507595	31	0.09770330786705017	-0.3957347571849823	0.9131528735160828	0.20553216338157654	-0.8897392153739929	-0.4075789749622345	0.9737610816955566	0.22750408947467804	-0.005594246555119753
-3.6403024196624756	4.850596904754639	-0.4549371004104614	0.9620848298072815	0.5706272125244141	0.49521912211169244	45	0.49521912211169244	44	0.009561755776615123	30	-0.11832717061042786	0.9844815731048584	-0.1295948028564453	0.08205064386129379	0.13975924253463745	0.9867802262306213	0.989578902721405	0.10612956434488297	-0.09731465578079224
-3.874317169189453	4.836313724517822	-0.349772572517395	0.9702213406562805	0.5475521087646484	0.5086484278366722	45	0.49135157216332787	46	0.0	68	-0.11832717061042786	0.9844815731048584	-0.1295948028564453	0.08205064386129379	0.13975924253463745	0.9867801666259766	0.9895788431167603	0.10612955689430237	-0.09731464833021164
-3.614825487136841	4.865433692932129	-0.3654896020889282	0.9708371162414551	0.5723419189453125	0.5	45	0.5	44	0.0	68	-0.11832717061042786	0.9844815731048584	-0.1295948028564453	0.0820506364107132	0.13975922763347626	0.9867801070213318	0.989578902721405	0.10612956434488297	-0.09731464833021164
-3.8853540420532227	4.772168159484863	-0.4306246042251587	0.6213839054107666	0.7646424770355225	0.492784730326059	46	0.47128250391985643	45	0.035932765754084536	44	0.011737361550331116	-0.3293503522872925	-0.9441348314285278	-0.1390644758939743	0.9344865083694458	-0.3277134895324707	0.9902138113975525	0.13514211773872375	-0.03483252972364426
-3.6403024196624756	4.850596904754639	-0.4549371004104614	0.6249592304229736	0.7888669967651367	0.49521912211169244	45	0.49521912211169244	44	0.009561755776615123	30	0.011737361550331116	-0.3293503522872925	-0.9441348314285278	-0.1390644758939743	0.9344865679740906	-0.3277134597301483	0.9902138113975525	0.13514211773872375	-0.03483252599835396
-3.6305177211761475	4.802367687225342	-0.43799126148223877	0.6203982830047607	0.7891130447387695	0.49484060395230445	45	0.49484060395230445	44	0.010318792095391074	48	0.011737361550331116	-0.3293503522872925	-0.9441348314285278	-0.1390644758939743	0.934486448764801	-0.3277134597301483	0.9902137517929077	0.13514211773872375	-0.03483252972364426
-4.093777179718018	4.748012065887451	-0.3504430055618286	0.9534212946891785	0.947077751159668	0.5	47	0.5	46	0.0	68	0.1598598212003708	-0.9797741174697876	0.12036388367414474	0.11011652648448944	0.13887043297290802	0.9841693639755249	-0.9809786677360535	-0.14407509565353394	0.13008913397789001
-3.8853540420532227	4.772168159484863	-0.4306246042251587	0.9480277299880981	0.9264469146728516	0.492784730326059	46	0.47128250391985643	45	0.035932765754084536	44	0.1598598212003708	-0.9797741174697876	0.12036388367414474	0.11011651903390884	0.13887043297290802	0.9841693639755249	-0.9809786677360535	-0.14407509565353394	0.13008911907672882
-3.8644402027130127	4.782444953918457	-0.3747469186782837	0.9535544514656067	0.9250555038452148	0.5	46	0.5	45	0.0	68	0.1598598212003708	-0.9797741174697876	0.12036388367414474	0.11011654883623123	0.1388704478740692	0.9841694235801697	-0.9809787273406982	-0.14407508075237274	0.1300891488790512
-3.874317169189453	4.836313724517822	-0.349772572517395	0.8236663341522217	0.8656728267669678	0.5086484278366722	45	0.49135157216332787	46	0.0	68	0.15495574474334717	-0.3920034170150757	0.9068198204040527	0.20532527565956116	-0.8850842714309692	-0.4176931083202362	0.9663489460945129	0.2509169280529022	-0.05666068196296692
-4.093777179718018	4.748012065887451	-0.3504430055618286	0.8281285762786865	0.8435299396514893	0.5	47	0.5	46	0.0	68	0.15495574474334717	-0.3920034170150757	0.9068198204040527	0.20532524585723877	-0.8850841522216797	-0.41769301891326904	0.9663490056991577	0.250916987657547	-0.05666068196296692
-3.8644402027130127	4.782444953918457	-0.3747469186782837	0.8280634880065918	0.8654310703277588	0.5	46	0.5	45	0.0	68	0.15495574474334717	-0.3920034170150757	0.9068198204040527	0.20532523095607758	-0.8850842118263245	-0.4176930785179138	0.9663490056991577	0.2509169280529022	-0.05666069686412811
-3.8972458839416504	4.822208404541016	-0.4343963861465454	0.9619500041007996	0.5460414886474609	0.5	46	0.5	45	0.0	68	-0.1610143482685089	0.9796703457832336	-0.11966736614704132	0.08203195780515671	0.1341140866279602	0.987564742565155	0.9835370779037476	0.14919555187225342	-0.10195858031511307
-4.101396083831787	4.802187919616699	-0.32360899448394775	0.9708371162414551	0.5257706642150879	0.5	47	0.5	46	0.0	68	-0.1610143482685089	0.9796703457832336	-0.11966736614704132	0.08203195780515671	0.1341141015291214	0.9875648021697998	0.9835370182991028	0.1491955667734146	-0.10195857286453247
-3.874317169189453	4.836313724517822	-0.349772572517395	0.9702213406562805	0.5475521087646484	0.5086484278366722	45	0.49135157216332787	46	0.0	68	-0.1610143482685089	0.9796703457832336	-0.11966736614704132	0.08203195035457611	0.1341140866279602	0.987564742565155	0.9835370779037476	0.1491955667734146	-0.10195857286453247
-4.110595226287842	4.737914085388184	-0.3929091691970825	0.6217668056488037	0.7429616451263428	0.5	47	0.5	46	0.0	68	-0.1479727029800415	-0.10925399512052536	-0.982938289642334	-0.1517390012741089	0.9846197962760925	-0.08659791946411133	0.9772816896438599	0.13633595407009125	-0.16227494180202484
-3.8972458839416504	4.822208404541016	-0.4343963861465454	0.6262404918670654	0.764249324798584	0.5	46	0.5	45	0.0	68	-0.1479727029800415	-0.10925399512052536	-0.982938289642334	-0.1517389863729477	0.9846197366714478	-0.08659791201353073	0.9772816300392151	0.13633593916893005	-0.16227494180202484
-3.8853540420532227	4.772168159484863	-0.4306246042251587	0.6213839054107666	0.7646424770355225	0.492784730326059	46	0.47128250391985643	45	0.035932765754084536	44	-0.1479727029800415	-0.10925399512052536	-0.982938289642334	-0.1517389714717865	0.9846197366714478	-0.08659791946411133	0.9772816300392151	0.13633592426776886	-0.16227494180202484
-4.2169108390808105	4.72232723236084	-0.36279022693634033	0.9509384036064148	0.9586319923400879	0.9365607839633517	47	0.06343921603664827	46	0.0	68	0.20324479043483734	-0.9790788292884827	0.009816163219511509	0.11105366051197052	0.0330117866396904	0.9932660460472107	-0.9728097319602966	-0.20078599452972412	0.11543974280357361
-4.093777179718018	4.748012065887451	-0.3504430055618286	0.9534212946891785	0.947077751159668	0.5	47	0.5	46	0.0	68	0.20324479043483734	-0.9790788292884827	0.009816163219511509	0.11105365306138992	0.0330117829144001	0.9932659864425659	-0.9728096723556519	-0.20078597962856293	0.11543973535299301
-4.210116863250732	4.724218845367432	-0.31478798389434814	0.9555664658546448	0.9584965705871582	0.9699743379196086	47	0.030025662080391327	46	0.0	68	0.20324479043483734	-0.9790788292884827	0.009816163219511509	0.11105365306138992	0.0330117866396904	0.9932660460472107	-0.9728097319602966	-0.20078599452972412	0.11543973535299301
-4.124131679534912	4.736144065856934	-0.4860316514968872	0.5145044326782227	0.9700424671173096	0.5	43	0.5	42	0.0	68	-0.22120222449302673	-0.2902714014053345	-0.9310274720191956	0.11506494134664536	-0.955776572227478	0.27064937353134155	-0.9684160351753235	-0.04726037755608559	0.24481996893882751
-4.230446815490723	4.72055721282959	-0.455912709236145	0.5144867897033691	0.9802489280700684	0.9261881709332321	43	0.07381182906676792	42	0.0	68	-0.22120222449302673	-0.2902714014053345	-0.9310274720191956	0.11506494134664536	-0.955776572227478	0.27064937353134155	-0.9684160351753235	-0.04726037755608559	0.24481996893882751
-4.138898849487305	4.786296844482422	-0.4981595277786255	0.5096769332885742	0.9708659648895264	0.48947019269987635	43	0.48947019269987635	42	0.021059614600247346	41	-0.22120222449302673	-0.2902714014053345	-0.9310274720191956	0.11506494879722595	-0.9557766318321228	0.27064940333366394	-0.9684160947799683	-0.04726037755608559	0.24481996893882751
-4.138898849487305	4.786296844482422	-0.4981595277786255	0.9564703702926636	0.8993983268737793	0.48947019269987635	43	0.48947019269987635	42	0.021059614600247346	41	-0.5809138417243958	0.8134149312973022	0.02992025949060917	0.08195258677005768	0.021876854822039604	0.9963961243629456	0.8098289966583252	0.5812723636627197	-0.07937002927064896
-4.223653316497803	4.722448348999023	-0.40791046619415283	0.9642003774642944	0.8906912803649902	0.9572513256081634	43	0.04274867439183655	42	0.0	68	-0.5809138417243958	0.8134149312973022	0.02992025949060917	0.08195258677005768	0.021876854822039604	0.9963961243629456	0.8098289966583252	0.5812723636627197	-0.07937002927064896
-4.114932060241699	4.800417900085449	-0.41673099994659424	0.964446485042572	0.9010295867919922	0.5	43	0.5	42	0.0	68	-0.5809138417243958	0.8134149312973022	0.02992025949060917	0.08195258677005768	0.021876854822039604	0.9963961243629456	0.8098289966583252	0.5812723636627197	-0.07937002927064896
-4.114932060241699	4.800417900085449	-0.41673099994659424	0.49364638328552246	0.9349627494812012	0.5	43	0.5	42	0.0	68	0.3410957455635071	-0.37827277183532715	0.8605599999427795	0.20641347765922546	-0.8629791736602783	-0.4611511826515198	0.9170863032341003	0.33492788672447205	-0.21627792716026306
-4.223653316497803	4.722448348999023	-0.40791046619415283	0.499157190322876	0.9234066009521484	0.9572513256081634	43	0.04274867439183655	42	0.0	68	0.3410957455635071	-0.37827277183532715	0.8605599999427795	0.20641346275806427	-0.8629791736602783	-0.4611511826515198	0.9170863032341003	0.33492785692214966	-0.21627792716026306
-4.107313632965088	4.746242046356201	-0.4435645341873169	0.4979860782623291	0.9344782829284668	0.5	43	0.5	42	0.0	68	0.3410957455635071	-0.37827277183532715	0.8605599999427795	0.20641343295574188	-0.8629791140556335	-0.4611511826515198	0.9170862436294556	0.33492788672447205	-0.21627792716026306
-3.6489906311035156	4.849332809448242	-0.5486441850662231	0.6248281002044678	0.3700648546218872	0.5	41	0.5	40	0.0	68	0.9273930788040161	0.05831177532672882	-0.3695157468318939	-0.13097433745861053	0.9758689999580383	-0.17471525073051453	0.35041099786758423	0.21042679250240326	0.9126514792442322
-3.6206133365631104	4.809642791748047	-0.48368752002716064	0.6201012134552002	0.375410795211792	0.5	41	0.5	40	0.0	68	0.9273930788040161	0.05831177532672882	-0.3695157468318939	-0.13097433745861053	0.9758690595626831	-0.17471525073051453	0.35041099786758423	0.21042676270008087	0.9126514196395874
-3.6392059326171875	4.801103591918945	-0.5316978693008423	0.6200366020202637	0.3708329200744629	0.5	41	0.5	40	0.0	68	0.9273930788040161	0.05831177532672882	-0.3695157468318939	-0.13097433745861053	0.9758689999580383	-0.17471525073051453	0.35041099786758423	0.21042679250240326	0.9126514792442322
-3.877976417541504	4.780674934387207	-0.4678694009780884	0.9770798683166504	0.8467199802398682	0.5	42	0.5	41	0.0	68	0.11874690651893616	-0.9844937324523926	0.12911748886108398	0.12315163016319275	0.14363650977611542	0.9819380640983582	-0.9852577447891235	-0.10070106387138367	0.1382983773946762
-3.6392059326171875	4.801103591918945	-0.5316978693008423	0.9738724827766418	0.8233377933502197	0.5	41	0.5	40	0.0	68	0.11874690651893616	-0.9844937324523926	0.12911748886108398	0.12315163016319275	0.14363650977611542	0.9819380640983582	-0.9852577447891235	-0.10070106387138367	0.1382983773946762
-3.6206133365631104	4.809642791748047	-0.48368752002716064	0.9786440134048462	0.8221466541290283	0.5	41	0.5	40	0.0	68	0.11874690651893616	-0.9844937324523926	0.12911748886108398	0.12315163761377335	0.1436365246772766	0.9819380640983582	-0.9852577447891235	-0.10070106387138367	0.1382983922958374
-3.623513698577881	4.864169597625732	-0.45919668674468994	0.49480271339416504	0.9817686080932617	0.5	41	0.5	40	0.0	68	0.10127586871385574	-0.40312713384628296	0.9095227718353271	0.20762670040130615	-0.8855273723602295	-0.41561099886894226	0.972951352596283	0.2309325784444809	-0.005982600152492523
-3.877976417541504	4.780674934387207	-0.4678694009780884	0.4979867935180664	0.9563794136047363	0.5	42	0.5	41	0.0	68	0.10127586871385574	-0.40312713384628296	0.9095227718353271	0.20762670040130615	-0.8855273723602295	-0.41561099886894226	0.9729514122009277	0.2309325635433197	-0.005982601083815098
-3.6206133365631104	4.809642791748047	-0.48368752002716064	0.499157190322876	0.9808528423309326	0.5	41	0.5	40	0.0	68	0.10127586871385574	-0.40312713384628296	0.9095227718353271	0.20762670040130615	-0.8855274319648743	-0.41561102867126465	0.972951352596283	0.23093253374099731	-0.00598260760307312
-3.6489906311035156	4.849332809448242	-0.5486441850662231	0.9556936025619507	0.946354866027832	0.5	41	0.5	40	0.0	68	-0.11832763999700546	0.9844815731048584	-0.12959468364715576	0.08237563073635101	0.1397940069437027	0.986748218536377	0.989551842212677	0.10608413815498352	-0.09763877838850021
-3.8878533840179443	4.834543704986572	-0.4428955316543579	0.9638381600379944	0.9228115081787109	0.5	42	0.5	41	0.0	68	-0.11832763999700546	0.9844815731048584	-0.12959468364715576	0.08237562328577042	0.1397940069437027	0.9867481589317322	0.9895519018173218	0.10608413815498352	-0.09763878583908081
-3.623513698577881	4.864169597625732	-0.45919668674468994	0.964446485042572	0.9480667114257812	0.5	41	0.5	40	0.0	68	-0.11832763999700546	0.9844815731048584	-0.12959468364715576	0.08237562328577042	0.1397940069437027	0.986748218536377	0.989551842212677	0.10608413815498352	-0.09763877093791962
-3.898890256881714	4.770398139953613	-0.5237466096878052	0.5142374038696289	0.9483599662780762	0.5	42	0.5	41	0.0	68	0.010074456222355366	-0.3296652138233185	-0.9440441727638245	0.11178471148014069	-0.9378030896186829	0.328678697347641	-0.9936813712120056	-0.1088409498333931	0.02740367129445076
-3.6489906311035156	4.849332809448242	-0.5486441850662231	0.5099530220031738	0.9237887859344482	0.5	41	0.5	40	0.0	68	0.010074456222355366	-0.3296652138233185	-0.9440441727638245	0.11178470402956009	-0.9378030300140381	0.328678697347641	-0.9936813712120056	-0.1088409572839737	0.02740367315709591
-3.6392059326171875	4.801103591918945	-0.5316978693008423	0.5145044326782227	0.9234063625335693	0.5	41	0.5	40	0.0	68	0.010074456222355366	-0.3296652138233185	-0.9440441727638245	0.11178470402956009	-0.9378030896186829	0.328678697347641	-0.9936813712120056	-0.1088409423828125	0.02740366756916046
-4.107313632965088	4.746242046356201	-0.4435645341873169	0.9766520261764526	0.8687384128570557	0.5	43	0.5	42	0.0	68	0.15986022353172302	-0.979773998260498	0.1203647255897522	0.12321628630161285	0.14078432321548462	0.9823429584503174	-0.979419469833374	-0.14220665395259857	0.1432299017906189
-3.898890256881714	4.770398139953613	-0.5237466096878052	0.9715350866317749	0.8480374813079834	0.5	42	0.5	41	0.0	68	0.15986022353172302	-0.979773998260498	0.1203647255897522	0.12321627140045166	0.14078432321548462	0.9823428988456726	-0.9794194102287292	-0.14220665395259857	0.1432299017906189
-3.877976417541504	4.780674934387207	-0.4678694009780884	0.9770798683166504	0.8467199802398682	0.5	42	0.5	41	0.0	68	0.15986022353172302	-0.979773998260498	0.1203647255897522	0.12321626394987106	0.14078430831432343	0.9823428392410278	-0.979419469833374	-0.14220666885375977	0.1432299017906189
-3.8878533840179443	4.834543704986572	-0.4428955316543579	0.4935903549194336	0.956634521484375	0.5	42	0.5	41	0.0	68	0.15495853126049042	-0.3919960856437683	0.9068225026130676	0.20758280158042908	-0.8844985365867615	-0.4178178906440735	0.9658660292625427	0.2529851794242859	-0.055688947439193726
-4.107313632965088	4.746242046356201	-0.4435645341873169	0.4979860782623291	0.9344782829284668	0.5	43	0.5	42	0.0	68	0.15495853126049042	-0.3919960856437683	0.9068225026130676	0.20758280158042908	-0.8844984769821167	-0.4178178906440735	0.9658660888671875	0.2529852092266083	-0.05568893998861313
-3.877976417541504	4.780674934387207	-0.4678694009780884	0.4979867935180664	0.9563794136047363	0.5	42	0.5	41	0.0	68	0.15495853126049042	-0.3919960856437683	0.9068225026130676	0.20758280158042908	-0.8844984769821167	-0.4178178906440735	0.9658660888671875	0.2529852092266083	-0.05568893998861313
-3.9107820987701416	4.820438385009766	-0.5275183916091919	0.95556640625	0.9213037490844727	0.5045221163204864	42	0.49547788367951356	41	0.0	68	-0.161015123128891	0.9796701073646545	-0.11966850608587265	0.08237799257040024	0.13416779041290283	0.9875286817550659	0.9835079908370972	0.14914900064468384	-0.1023063063621521
-4.114932060241699	4.800417900085449	-0.41673099994659424	0.964446485042572	0.9010295867919922	0.5	43	0.5	42	0.0	68	-0.161015123128891	0.9796701073646545	-0.11966850608587265	0.08237799257040024	0.13416779041290283	0.9875286221504211	0.9835080504417419	0.14914900064468384	-0.1023063138127327
-3.8878533840179443	4.834543704986572	-0.4428955316543579	0.9638381600379944	0.9228115081787109	0.5	42	0.5	41	0.0	68	-0.161015123128891	0.9796701073646545	-0.11966850608587265	0.08237797766923904	0.13416779041290283	0.9875286817550659	0.9835079908370972	0.14914900064468384	-0.1023062914609909
-4.124131679534912	4.736144065856934	-0.4860316514968872	0.5145044326782227	0.9700424671173096	0.5	43	0.5	42	0.0	68	-0.14797061681747437	-0.10925352573394775	-0.9829386472702026	0.1223304495215416	-0.9882690906524658	0.09143050014972687	-0.9813969731330872	-0.10671430081129074	0.15959981083869934
-3.9107820987701416	4.820438385009766	-0.5275183916091919	0.5093951225280762	0.9488983154296875	0.5045221163204864	42	0.49547788367951356	41	0.0	68	-0.14797061681747437	-0.10925352573394775	-0.9829386472702026	0.1223304495215416	-0.9882690906524658	0.09143050014972687	-0.9813969731330872	-0.10671430081129074	0.15959981083869934
-3.898890256881714	4.770398139953613	-0.5237466096878052	0.5142374038696289	0.9483599662780762	0.5	42	0.5	41	0.0	68	-0.14797061681747437	-0.10925352573394775	-0.9829386472702026	0.122330442070961	-0.9882690906524658	0.09143050014972687	-0.9813969731330872	-0.10671429336071014	0.15959981083869934
-4.230446815490723	4.72055721282959	-0.455912709236145	0.9740145802497864	0.8802585601806641	0.9261881709332321	43	0.07381182906676792	42	0.0	68	0.20324622094631195	-0.9790785312652588	0.009808259084820747	0.12432562559843063	0.035742342472076416	0.9915975332260132	-0.9712024331092834	-0.20031903684139252	0.1289890557527542
-4.107313632965088	4.746242046356201	-0.4435645341873169	0.9766520261764526	0.8687384128570557	0.5	43	0.5	42	0.0	68	0.20324622094631195	-0.9790785312652588	0.009808259084820747	0.12432562559843063	0.035742342472076416	0.9915975332260132	-0.9712024331092834	-0.20031903684139252	0.1289890557527542
-4.223653316497803	4.722448348999023	-0.40791046619415283	0.9786440134048462	0.8801851272583008	0.9572513256081634	43	0.04274867439183655	42	0.0	68	0.20324622094631195	-0.9790785312652588	0.009808259084820747	0.12432562559843063	0.035742342472076416	0.9915975332260132	-0.9712024331092834	-0.20031903684139252	0.1289890557527542
-4.137702941894531	4.734368801116943	-0.5793963670730591	0.509394645690918	0.9705080986022949	0.517686350415611	39	0.48231364958438905	38	0.0	68	-0.2212076634168625	-0.29027003049850464	-0.9310265779495239	0.11478377133607864	-0.9557907581329346	0.2707187831401825	-0.9684481620788574	-0.04698166996240616	0.24474653601646423
-4.244018077850342	4.718782424926758	-0.5492769479751587	0.5093803405761719	0.9807145595550537	0.9150590105787985	39	0.08494098942120154	38	0.0	68	-0.2212076634168625	-0.29027003049850464	-0.9310265779495239	0.11478377133607864	-0.9557907581329346	0.2707187831401825	-0.9684481620788574	-0.04698166996240616	0.24474653601646423
-4.152470111846924	4.78452205657959	-0.5915242433547974	0.5045676231384277	0.9713330268859863	0.5249346507971618	39	0.453259669099053	38	0.021805680103785193	37	-0.2212076634168625	-0.29027003049850464	-0.9310265779495239	0.11478378623723984	-0.9557908773422241	0.2707187831401825	-0.9684481620788574	-0.046981677412986755	0.24474653601646423
-4.152470111846924	4.78452205657959	-0.5915242433547974	0.2167290449142456	0.9062871932983398	0.5249346507971618	39	0.453259669099053	38	0.021805680103785193	37	-0.580913782119751	0.8134150505065918	0.029920054599642754	0.08225327730178833	0.02209293097257614	0.9963666200637817	0.809798538684845	0.581264078617096	-0.07974014431238174
-4.237224578857422	4.720673561096191	-0.5012742280960083	0.22445613145828247	0.8975777626037598	0.9458039157374792	39	0.05419608426252078	38	0.0	68	-0.580913782119751	0.8134150505065918	0.029920054599642754	0.08225326985120773	0.022092925384640694	0.9963665008544922	0.8097984790802002	0.581264078617096	-0.07974012941122055
-4.128503322601318	4.798643112182617	-0.5100952386856079	0.2247057557106018	0.9079160690307617	0.5075184331909455	39	0.4924815668090545	38	0.0	68	-0.580913782119751	0.8134150505065918	0.029920054599642754	0.08225326985120773	0.022092925384640694	0.996366560459137	0.809798538684845	0.581264078617096	-0.07974012941122055
-4.128503322601318	4.798643112182617	-0.5100952386856079	0.33370161056518555	0.93463134765625	0.5075184331909455	39	0.4924815668090545	38	0.0	68	0.3411023020744324	-0.3782772123813629	0.8605554699897766	0.20617882907390594	-0.8630611896514893	-0.4611027240753174	0.9171366691589355	0.3347115218639374	-0.2163994312286377
-4.237224578857422	4.720673561096191	-0.5012742280960083	0.3392159938812256	0.923076868057251	0.9458039157374792	39	0.05419608426252078	38	0.0	68	0.3411023020744324	-0.3782772123813629	0.8605554699897766	0.20617882907390594	-0.8630611896514893	-0.4611027240753174	0.9171366691589355	0.3347115218639374	-0.2163994312286377
-4.120884895324707	4.744467258453369	-0.5369292497634888	0.3380413055419922	0.9341483116149902	0.5108814645717538	39	0.4891185354282462	38	0.0	68	0.3411023020744324	-0.3782772123813629	0.8605554699897766	0.20617887377738953	-0.863061249256134	-0.46110275387763977	0.9171366691589355	0.3347115218639374	-0.2163994014263153
-3.6577014923095703	4.848065376281738	-0.6425949335098267	0.6200366020202637	0.3700648546218872	0.5	37	0.5	36	0.0	68	0.9273930788040161	0.05831177532672882	-0.3695157468318939	-0.13097433745861053	0.9758689999580383	-0.17471526563167572	0.35041099786758423	0.21042680740356445	0.9126514792442322
-3.629324197769165	4.808375358581543	-0.5776382684707642	0.6153097152709961	0.375410795211792	0.49968945419344607	37	0.49968945419344607	36	0.0006210916131078058	30	0.9273930788040161	0.05831177532672882	-0.3695157468318939	-0.13097433745861053	0.9758689999580383	-0.17471526563167572	0.35041099786758423	0.21042680740356445	0.9126514792442322
-3.647916793823242	4.799836158752441	-0.6256486177444458	0.6152451038360596	0.3708329200744629	0.4952370448037455	37	0.4952370448037455	36	0.009525910392509085	30	0.9273930788040161	0.05831177532672882	-0.3695157468318939	-0.13097432255744934	0.9758689403533936	-0.17471525073051453	0.35041099786758423	0.21042677760124207	0.9126514196395874
-3.891547679901123	4.778900146484375	-0.5612331628799438	0.9770230054855347	0.2013559341430664	0.5	38	0.5	37	0.0	68	0.11873995512723923	-0.9844942092895508	0.12912024557590485	0.1231519803404808	0.14363831281661987	0.9819377064704895	-0.9852585196495056	-0.10069380700588226	0.13829800486564636
-3.647916793823242	4.799836158752441	-0.6256486177444458	0.9738169312477112	0.1775062084197998	0.4952370448037455	37	0.4952370448037455	36	0.009525910392509085	30	0.11873995512723923	-0.9844942092895508	0.12912024557590485	0.123151995241642	0.14363832771778107	0.9819377660751343	-0.9852585792541504	-0.10069381445646286	0.13829801976680756
-3.629324197769165	4.808375358581543	-0.5776382684707642	0.9785884022712708	0.1763150691986084	0.49968945419344607	37	0.49968945419344607	36	0.0006210916131078058	30	0.11873995512723923	-0.9844942092895508	0.12912024557590485	0.12315196543931961	0.14363831281661987	0.9819376468658447	-0.9852585792541504	-0.10069381445646286	0.13829800486564636
