203	76	1
3.5666096210479736	13.297394752502441	-1.0845348834991455	0.18608593940734863	0.16704964637756348	1.0	0	0.0	0	0.0	0	-0.004457383882254362	0.9999501705169678	-0.008929738774895668	0.004438970237970352	0.008949524722993374	0.9999500513076782	0.9999802708625793	0.004417522810399532	-0.004478640854358673
3.6865241527557373	13.298995971679688	-0.9650874733924866	0.19328832626342773	0.17421555519104004	1.0	0	0.0	0	0.0	0	-0.004457383882254362	0.9999501705169678	-0.008929738774895668	0.0044389707036316395	0.008949525654315948	0.9999501705169678	0.9999802708625793	0.004417522810399532	-0.004478640854358673
3.6859915256500244	13.297922134399414	-1.0850696563720703	0.18608593940734863	0.17421555519104004	1.0	0	0.0	0	0.0	0	-0.004457383882254362	0.9999501705169678	-0.008929738774895668	0.004438970237970352	0.008949525654315948	0.999950110912323	0.9999802112579346	0.004417522344738245	-0.004478640388697386
3.6871228218078613	13.164509773254395	-0.9638860821723938	0.10358047485351562	0.19355392456054688	1.0	0	0.0	0	0.0	0	0.004439289215952158	0.008952532894909382	0.999950110912323	-0.9999802112579346	-0.004407975822687149	0.004478887189179659	0.004447853192687035	-0.9999502301216125	0.008932787925004959
3.6275558471679688	-0.27030834555625916	-0.8433399796485901	0.11074686050415039	0.9999971389770508	1.0	0	0.0	0	0.0	0	0.004439289215952158	0.008952532894909382	0.999950110912323	-0.9999803304672241	-0.004407976754009724	0.004478887654840946	0.004447853658348322	-0.9999502301216125	0.008932787925004959
3.7469377517700195	-0.26978158950805664	-0.8438746929168701	0.10358095169067383	0.9999971389770508	1.0	0	0.0	0	0.0	0	0.004439289215952158	0.008952532894909382	0.999950110912323	-0.9999802708625793	-0.004407976288348436	0.004478887654840946	0.004447853658348322	-0.9999502897262573	0.008932787925004959
3.5677404403686523	13.164088249206543	-0.9633522629737854	0.14287298917770386	9.5367431640625e-06	1.0	0	0.0	0	0.0	0	-0.9999802112579346	-0.004412311129271984	0.004478632938116789	-0.004438967909663916	-0.008958782069385052	-0.9999500513076782	0.004452214110642672	-0.9999501705169678	0.008939019404351711
3.627023220062256	-0.27138257026672363	-0.9633222222328186	0.15007537603378296	0.80645751953125	1.0	0	0.0	0	0.0	0	-0.9999802112579346	-0.004412311129271984	0.004478632938116789	-0.004438968375325203	-0.008958781138062477	-0.9999500513076782	0.004452214110642672	-0.9999501705169678	0.008939018473029137
3.6275558471679688	-0.27030834555625916	-0.8433399796485901	0.14287298917770386	0.80645751953125	1.0	0	0.0	0	0.0	0	-0.9999802112579346	-0.004412311129271984	0.004478632938116789	-0.004438967909663916	-0.008958781138062477	-0.9999499917030334	0.004452213644981384	-0.999950110912323	0.008939018473029137
3.7464051246643066	-0.27085578441619873	-0.9638568758964539	0.1788487434387207	0.18546783924102783	1.0	0	0.0	0	0.0	0	0.004452397581189871	-0.9999501705169678	0.008932986296713352	0.9999802112579346	0.004412523470818996	-0.0044784266501665115	0.004438786767423153	0.008952748961746693	0.9999500513076782
3.6275558471679688	-0.27030834555625916	-0.8433399796485901	0.17168259620666504	0.19267022609710693	1.0	0	0.0	0	0.0	0	0.004452397581189871	-0.9999501705169678	0.008932986296713352	0.9999802708625793	0.004412523470818996	-0.0044784266501665115	0.004438786767423153	0.008952749893069267	0.999950110912323
3.627023220062256	-0.27138257026672363	-0.9633222222328186	0.17168259620666504	0.18546783924102783	1.0	0	0.0	0	0.0	0	0.004452397581189871	-0.9999501705169678	0.008932986296713352	0.9999802708625793	0.004412523470818996	-0.0044784266501665115	0.004438786767423153	0.008952749893069267	0.999950110912323
3.627023220062256	-0.27138257026672363	-0.9633222222328186	0.03212594985961914	1.0	1.0	0	0.0	0	0.0	0	-0.004438821692019701	-0.008952530100941658	-0.9999500513076782	0.9999802112579346	0.004412522539496422	-0.004478460643440485	0.004452395718544722	-0.9999501705169678	0.008932766504585743
3.686589241027832	13.163676261901855	-1.0838704109191895	0.039292335510253906	0.19354248046875	1.0	0	0.0	0	0.0	0	-0.004438821692019701	-0.008952530100941658	-0.9999500513076782	0.9999802112579346	0.004412522539496422	-0.004478461109101772	0.004452395718544722	-0.9999501705169678	0.008932766504585743
3.7464051246643066	-0.27085578441619873	-0.9638568758964539	0.039292097091674805	1.0	1.0	0	0.0	0	0.0	0	-0.004438821692019701	-0.008952530100941658	-0.9999500513076782	0.9999802112579346	0.004412522539496422	-0.004478460643440485	0.004452395718544722	-0.9999501705169678	0.008932766504585743
3.7464051246643066	-0.27085578441619873	-0.9638568758964539	0.15007537603378296	0.8064556121826172	1.0	0	0.0	0	0.0	0	0.9999802708625793	0.004412309732288122	-0.004478640388697386	0.004439003299921751	0.008952506817877293	0.999950110912323	0.004452183842658997	-0.9999501705169678	0.008932742290198803
3.6871228218078613	13.164509773254395	-0.9638860821723938	0.15727776288986206	1.430511474609375e-05	1.0	0	0.0	0	0.0	0	0.9999802708625793	0.004412309732288122	-0.004478640388697386	0.004439003299921751	0.008952505886554718	0.9999500513076782	0.004452184308320284	-0.9999502301216125	0.008932742290198803
3.7469377517700195	-0.26978158950805664	-0.8438746929168701	0.15727776288986206	0.8064556121826172	1.0	0	0.0	0	0.0	0	0.9999802708625793	0.004412309732288122	-0.004478640388697386	0.004439003299921751	0.008952505886554718	0.9999500513076782	0.004452184308320284	-0.9999502301216125	0.008932742290198803
3.567207098007202	13.163179397583008	-1.0833358764648438	0.03212618827819824	0.1935405731201172	1.0	0	0.0	0	0.0	0	-0.004440023563802242	-0.008952523581683636	-0.9999500513076782	0.9999802112579346	0.004428037907928228	-0.004479801747947931	0.0044679222628474236	-0.9999501705169678	0.008932686410844326
3.6859915256500244	13.297922134399414	-1.0850696563720703	0.039292335510253906	0.1854839324951172	1.0	0	0.0	0	0.0	0	-0.004440023563802242	-0.008952523581683636	-0.9999500513076782	0.9999801516532898	0.004428037442266941	-0.004479801747947931	0.004467921797186136	-0.999950110912323	0.008932685479521751
3.686589241027832	13.163676261901855	-1.0838704109191895	0.039292335510253906	0.19354248046875	1.0	0	0.0	0	0.0	0	-0.004440023563802242	-0.008952523581683636	-0.9999500513076782	0.9999802112579346	0.004428037442266941	-0.004479801747947931	0.004467921797186136	-0.9999501705169678	0.008932686410844326
3.5677404403686523	13.164088249206543	-0.9633522629737854	0.11074686050415039	0.19354820251464844	1.0	0	0.0	0	0.0	0	0.0044398135505616665	0.008952389471232891	0.999950110912323	-0.9999803304672241	-0.004409512970596552	0.004479425027966499	0.004449394065886736	-0.9999502301216125	0.008932635188102722
3.6865241527557373	13.298995971679688	-0.9650874733924866	0.10358047485351562	0.18548202514648438	1.0	0	0.0	0	0.0	0	0.0044398135505616665	0.008952389471232891	0.999950110912323	-0.9999802708625793	-0.004409512504935265	0.004479425027966499	0.004449393600225449	-0.9999501705169678	0.008932634256780148
3.5671422481536865	13.298469543457031	-0.9645527005195618	0.11074686050415039	0.18548202514648438	1.0	0	0.0	0	0.0	0	0.0044398135505616665	0.008952389471232891	0.999950110912323	-0.9999803304672241	-0.004409512970596552	0.004479425027966499	0.004449394065886736	-0.9999502301216125	0.008932635188102722
4.222021579742432	13.301359176635742	-0.9674857258796692	0.16448014974594116	0.15152645111083984	1.0	0	0.0	0	0.0	0	0.9999802112579346	0.00441238097846508	-0.004478656221181154	-0.004438996315002441	-0.008957474492490292	-0.9999500513076782	-0.00445227837190032	0.9999501705169678	-0.008937710896134377
4.221488952636719	13.300284385681152	-1.087467908859253	0.17168253660202026	0.15152645111083984	1.0	0	0.0	0	0.0	0	0.9999802112579346	0.00441238097846508	-0.004478656221181154	-0.004438996780663729	-0.008957474492490292	-0.999950110912323	-0.00445227837190032	0.9999502301216125	-0.008937710896134377
4.207997798919678	16.390666961669922	-1.0550792217254639	0.16808122396469116	0.337005615234375	1.0	0	0.0	0	0.0	0	0.9999802112579346	0.00441238097846508	-0.004478656221181154	-0.004438996780663729	-0.008957474492490292	-0.999950110912323	-0.00445227837190032	0.9999502301216125	-0.008937710896134377
3.1749119758605957	13.16144847869873	-1.0815789699554443	0.008577823638916016	0.1935405731201172	1.0	0	0.0	0	0.0	0	-0.004438348114490509	-0.00895276851952076	-0.9999500513076782	0.9999803304672241	0.004411241505295038	-0.004477976821362972	0.004451111424714327	-0.9999502301216125	0.00893301423639059
3.03141450881958	13.29503345489502	-1.0821380615234375	0.0	0.1854839324951172	1.0	0	0.0	0	0.0	0	-0.004438348114490509	-0.00895276851952076	-0.9999500513076782	0.9999803304672241	0.004411241505295038	-0.004477976821362972	0.004451111424714327	-0.9999502301216125	0.00893301423639059
3.174314498901367	13.295663833618164	-1.082777976989746	0.008577823638916016	0.1854839324951172	1.0	0	0.0	0	0.0	0	-0.004438348114490509	-0.00895276851952076	-0.9999500513076782	0.9999802708625793	0.004411241039633751	-0.004477976821362972	0.0044511109590530396	-0.9999501705169678	0.008933013305068016
4.222086429595947	13.166038513183594	-1.086268663406372	0.17168253660202026	0.14346790313720703	1.0	0	0.0	0	0.0	0	0.9999802708625793	0.0044131772592663765	-0.0044816662557423115	-0.004442073404788971	-0.008940671570599079	-0.9999501705169678	-0.004453026689589024	0.9999503493309021	-0.008920891210436821
4.222021579742432	13.301359176635742	-0.9674857258796692	0.16448014974594116	0.15152645111083984	1.0	0	0.0	0	0.0	0	0.9999802708625793	0.0044131772592663765	-0.0044816662557423115	-0.004442073404788971	-0.008940671570599079	-0.999950110912323	-0.004453026223927736	0.9999502897262573	-0.008920891210436821
4.222620487213135	13.16687297821045	-0.9662843346595764	0.16448014974594116	0.14345359802246094	1.0	0	0.0	0	0.0	0	0.9999802708625793	0.0044131772592663765	-0.0044816662557423115	-0.004442073870450258	-0.008940672501921654	-0.9999502301216125	-0.004453026223927736	0.9999502897262573	-0.008920891210436821
4.222620487213135	13.16687297821045	-0.9662843346595764	0.07143640518188477	0.19355392456054688	1.0	0	0.0	0	0.0	0	0.0045580570586025715	-0.018138017505407333	0.9998250603675842	-0.9999802112579346	-0.004414496943354607	0.004478679969906807	0.004332490731030703	-0.9998257756233215	-0.018157782033085823
4.0796098709106445	13.166241645812988	-0.9656438231468201	0.08002090454101562	0.19355392456054688	1.0	0	0.0	0	0.0	0	0.0045580570586025715	-0.018138017505407333	0.9998250603675842	-0.9999802708625793	-0.004414496943354607	0.004478680435568094	0.004332490731030703	-0.9998258352279663	-0.018157783895730972
4.232973098754883	10.776537895202637	-1.009695053100586	0.07143640518188477	0.33701515197753906	1.0	0	0.0	0	0.0	0	0.0045580570586025715	-0.018138017505407333	0.9998250603675842	-0.9999802112579346	-0.004414496477693319	0.004478679969906807	0.004332490265369415	-0.9998257756233215	-0.018157782033085823
4.079075813293457	13.16540813446045	-1.0856282711029053	0.0628519058227539	0.19354248046875	1.0	0	0.0	0	0.0	0	-0.004438250325620174	-0.008952507749199867	-0.9999500513076782	0.9999802708625793	0.00440782867372036	-0.004477847367525101	0.004447696730494499	-0.9999502897262573	0.008932768367230892
4.221488952636719	13.300284385681152	-1.087467908859253	0.07143640518188477	0.1854839324951172	1.0	0	0.0	0	0.0	0	-0.004438250325620174	-0.008952507749199867	-0.9999500513076782	0.9999803304672241	0.00440782867372036	-0.004477847367525101	0.004447696264833212	-0.9999502301216125	0.008932768367230892
4.222086429595947	13.166038513183594	-1.086268663406372	0.07143640518188477	0.19354248046875	1.0	0	0.0	0	0.0	0	-0.004438250325620174	-0.008952507749199867	-0.9999500513076782	0.9999802708625793	0.00440782867372036	-0.004477847367525101	0.004447696730494499	-0.9999502897262573	0.008932768367230892
4.079010963439941	13.300727844238281	-0.9668452143669128	0.08002090454101562	0.18548202514648438	1.0	0	0.0	0	0.0	0	0.0044390237890183926	0.008952515199780464	0.999950110912323	-0.9999802112579346	-0.004414496943354607	0.004478679969906807	0.004454371985048056	-0.9999502301216125	0.008932742290198803
4.222620487213135	13.16687297821045	-0.9662843346595764	0.07143640518188477	0.19355392456054688	1.0	0	0.0	0	0.0	0	0.0044390237890183926	0.008952515199780464	0.999950110912323	-0.9999802112579346	-0.004414496477693319	0.004478679969906807	0.004454371519386768	-0.9999502301216125	0.008932742290198803
4.222021579742432	13.301359176635742	-0.9674857258796692	0.07143640518188477	0.18548202514648438	1.0	0	0.0	0	0.0	0	0.0044390237890183926	0.008952515199780464	0.999950110912323	-0.9999802112579346	-0.004414496477693319	0.004478679969906807	0.004454371519386768	-0.9999502301216125	0.008932742290198803
3.0320119857788086	13.160818099975586	-1.0809390544891357	0.16448014974594116	0.1935443878173828	1.0	0	0.0	0	0.0	0	-0.9999802112579346	-0.004411531146615744	0.004478644113987684	-0.004438992589712143	-0.00895746424794197	-0.9999500513076782	0.004451428074389696	-0.9999501705169678	0.008937704376876354
3.031947135925293	13.29610824584961	-0.9621557593345642	0.15727776288986206	0.1854877471923828	1.0	0	0.0	0	0.0	0	-0.9999802112579346	-0.004411531146615744	0.004478644113987684	-0.004438992589712143	-0.00895746611058712	-0.999950110912323	0.004451428074389696	-0.9999502301216125	0.008937706239521503
3.03141450881958	13.29503345489502	-1.0821380615234375	0.16448014974594116	0.1854877471923828	1.0	0	0.0	0	0.0	0	-0.9999802112579346	-0.004411531146615744	0.004478644113987684	-0.004438992589712143	-0.008957465179264545	-0.999950110912323	0.004451428074389696	-0.9999502301216125	0.008937705308198929
3.17484712600708	13.296738624572754	-0.9627957940101624	0.13429498672485352	0.18548202514648438	1.0	0	0.0	0	0.0	0	0.004439183510839939	0.008952384814620018	0.9999500513076782	-0.9999802708625793	-0.004411176312714815	0.004478809889405966	0.004451052285730839	-0.9999502301216125	0.008932625874876976
3.032545328140259	13.161726951599121	-0.9609553217887878	0.14287281036376953	0.19354820251464844	1.0	0	0.0	0	0.0	0	0.004439183510839939	0.008952384814620018	0.9999500513076782	-0.9999802708625793	-0.004411176312714815	0.004478809889405966	0.004451052285730839	-0.9999502301216125	0.008932625874876976
3.175445318222046	13.162357330322266	-0.961595356464386	0.13429498672485352	0.19354820251464844	1.0	0	0.0	0	0.0	0	0.004439183510839939	0.008952384814620018	0.9999500513076782	-0.9999802708625793	-0.004411176312714815	0.004478809889405966	0.004451052285730839	-0.9999502301216125	0.008932625874876976
3.032545328140259	13.161726951599121	-0.9609553217887878	0.15727776288986206	0.19355392456054688	1.0	0	0.0	0	0.0	0	-0.9999802708625793	-0.004412283189594746	0.0044784569181501865	-0.004439060110598803	-0.008898559026420116	-0.9999505877494812	0.004451916553080082	-0.999950647354126	0.008878795430064201
3.0320119857788086	13.160818099975586	-1.0809390544891357	0.16448014974594116	0.1935443878173828	1.0	0	0.0	0	0.0	0	-0.9999802708625793	-0.004412283189594746	0.0044784569181501865	-0.004439060110598803	-0.008898559026420116	-0.9999505877494812	0.004451916553080082	-0.999950647354126	0.008878795430064201
3.0429060459136963	10.771017074584961	-1.0029287338256836	0.16107910871505737	0.33703041076660156	1.0	0	0.0	0	0.0	0	-0.9999802708625793	-0.004412283189594746	0.0044784569181501865	-0.004439059644937515	-0.008898558095097542	-0.9999505281448364	0.004451916553080082	-0.9999507069587708	0.008878795430064201
3.174314498901367	13.295663833618164	-1.082777976989746	0.008577823638916016	0.1854839324951172	1.0	0	0.0	0	0.0	0	0.0	0.0	0.0	1.0	0.0	0.0	0.0	0.0	0.0
3.017922878265381	16.385549545288086	-1.0497503280639648	0.0	0.0	1.0	0	0.0	0	0.0	0	0.0	0.0	0.0	1.0	0.0	0.0	0.0	0.0	0.0
3.6871228218078613	13.164509773254395	-0.9638860821723938	0.10358047485351562	0.19355392456054688	1.0	0	0.0	0	0.0	0	0.004438743926584721	0.008952505886554718	0.9999500513076782	-0.9999802112579346	-0.004412475042045116	0.00447838194668293	0.004452347755432129	-0.9999501705169678	0.008932743221521378
4.079010963439941	13.300727844238281	-0.9668452143669128	0.08002090454101562	0.18548202514648438	1.0	0	0.0	0	0.0	0	0.004438743926584721	0.008952505886554718	0.9999500513076782	-0.9999802708625793	-0.004412475507706404	0.004478382412344217	0.004452348221093416	-0.9999502301216125	0.008932743221521378
3.6865241527557373	13.298995971679688	-0.9650874733924866	0.10358047485351562	0.18548202514648438	1.0	0	0.0	0	0.0	0	0.004438743926584721	0.008952505886554718	0.9999500513076782	-0.9999802112579346	-0.004412475507706404	0.00447838194668293	0.004452348221093416	-0.9999501705169678	0.008932743221521378
3.6859915256500244	13.297922134399414	-1.0850696563720703	0.039292335510253906	0.1854839324951172	1.0	0	0.0	0	0.0	0	-0.004439050797373056	-0.008952519856393337	-0.9999500513076782	0.9999802708625793	0.004412464331835508	-0.004478689283132553	0.004452339839190245	-0.9999502301216125	0.008932755328714848
4.079075813293457	13.16540813446045	-1.0856282711029053	0.0628519058227539	0.19354248046875	1.0	0	0.0	0	0.0	0	-0.004439050797373056	-0.008952519856393337	-0.9999500513076782	0.9999802708625793	0.004412464797496796	-0.004478689283132553	0.004452340304851532	-0.9999502301216125	0.008932755328714848
3.686589241027832	13.163676261901855	-1.0838704109191895	0.039292335510253906	0.19354248046875	1.0	0	0.0	0	0.0	0	-0.004439050797373056	-0.008952519856393337	-0.9999500513076782	0.9999802112579346	0.004412464331835508	-0.004478688817471266	0.004452339839190245	-0.9999501705169678	0.008932755328714848
3.6871228218078613	13.164509773254395	-0.9638860821723938	0.20049071311950684	0.1670851707458496	1.0	0	0.0	0	0.0	0	0.004443431738764048	-0.9999660849571228	0.0069268145598471165	0.004450905602425337	0.006946592126041651	0.999966025352478	-0.9999802112579346	-0.004412450361996889	0.00448162155225873
4.079075813293457	13.16540813446045	-1.0856282711029053	0.19328832626342773	0.1435256004333496	1.0	0	0.0	0	0.0	0	0.004443431738764048	-0.9999660849571228	0.0069268145598471165	0.004450905602425337	0.006946592126041651	0.999966025352478	-0.9999802112579346	-0.004412450361996889	0.00448162155225873
4.0796098709106445	13.166241645812988	-0.9656438231468201	0.20049071311950684	0.1435256004333496	1.0	0	0.0	0	0.0	0	0.004443431738764048	-0.9999660849571228	0.0069268145598471165	0.004450905602425337	0.006946592126041651	0.999966025352478	-0.9999802112579346	-0.004412450361996889	0.00448162155225873
3.6865241527557373	13.298995971679688	-0.9650874733924866	0.19328832626342773	0.17421555519104004	1.0	0	0.0	0	0.0	0	-0.004452337045222521	0.9999502301216125	-0.008929762989282608	0.004438996780663729	0.008949525654315948	0.9999500513076782	0.9999802112579346	0.004412475507706404	-0.004478622227907181
4.0784783363342285	13.299654006958008	-1.0868275165557861	0.18608593940734863	0.19777536392211914	1.0	0	0.0	0	0.0	0	-0.004452337045222521	0.9999502301216125	-0.008929762989282608	0.004438997711986303	0.008949526585638523	0.9999501705169678	0.9999802112579346	0.004412475042045116	-0.004478622693568468
3.6859915256500244	13.297922134399414	-1.0850696563720703	0.18608593940734863	0.17421555519104004	1.0	0	0.0	0	0.0	0	-0.004452337045222521	0.9999502301216125	-0.008929762989282608	0.004438997246325016	0.008949526585638523	0.999950110912323	0.9999802708625793	0.004412475507706404	-0.004478622693568468
3.5671422481536865	13.298469543457031	-0.9645527005195618	0.19328832626342773	0.16704964637756348	1.0	0	0.0	0	0.0	0	-0.004452095367014408	0.9999501705169678	-0.008937710896134377	0.004438863135874271	0.008957473561167717	0.999950110912323	0.9999802112579346	0.00441219937056303	-0.004478521179407835
3.174314498901367	13.295663833618164	-1.082777976989746	0.18608593940734863	0.14350128173828125	1.0	0	0.0	0	0.0	0	-0.004452095367014408	0.9999501705169678	-0.008937710896134377	0.004438863601535559	0.008957473561167717	0.999950110912323	0.9999802112579346	0.00441219937056303	-0.004478521645069122
3.17484712600708	13.296738624572754	-0.9627957940101624	0.19328832626342773	0.14350128173828125	1.0	0	0.0	0	0.0	0	-0.004452095367014408	0.9999501705169678	-0.008937710896134377	0.004438863135874271	0.008957472629845142	0.9999499917030334	0.9999802112579346	0.00441219937056303	-0.004478521645069122
3.5677404403686523	13.164088249206543	-0.9633522629737854	0.20049071311950684	0.1670854091644287	1.0	0	0.0	0	0.0	0	0.004445951897650957	-0.9999615550041199	0.007554744835942984	0.004444954916834831	0.0075745065696537495	0.9999614357948303	-0.9999802112579346	-0.0044121998362243176	0.00447845971211791
3.1749119758605957	13.16144847869873	-1.0815789699554443	0.19328832626342773	0.19063377380371094	1.0	0	0.0	0	0.0	0	0.004445951897650957	-0.9999615550041199	0.007554744835942984	0.004444954916834831	0.0075745065696537495	0.9999614357948303	-0.9999802112579346	-0.0044121998362243176	0.00447845971211791
3.567207098007202	13.163179397583008	-1.0833358764648438	0.19328832626342773	0.1670854091644287	1.0	0	0.0	0	0.0	0	0.004445951897650957	-0.9999615550041199	0.007554744835942984	0.004444954916834831	0.0075745065696537495	0.9999614357948303	-0.9999802112579346	-0.0044121998362243176	0.00447845971211791
3.5677404403686523	13.164088249206543	-0.9633522629737854	0.11074686050415039	0.19354820251464844	1.0	0	0.0	0	0.0	0	0.004438808653503656	0.008952383883297443	0.999950110912323	-0.9999802112579346	-0.0044121998362243176	0.004478443879634142	0.00445207254961133	-0.9999502301216125	0.008932622149586678
3.17484712600708	13.296738624572754	-0.9627957940101624	0.13429498672485352	0.18548202514648438	1.0	0	0.0	0	0.0	0	0.004438808653503656	0.008952383883297443	0.999950110912323	-0.9999802112579346	-0.0044121998362243176	0.004478443879634142	0.00445207254961133	-0.9999502301216125	0.008932622149586678
3.175445318222046	13.162357330322266	-0.961595356464386	0.13429498672485352	0.19354820251464844	1.0	0	0.0	0	0.0	0	0.004438808653503656	0.008952383883297443	0.999950110912323	-0.9999802708625793	-0.004412200301885605	0.004478444345295429	0.00445207254961133	-0.9999501705169678	0.008932621218264103
3.567207098007202	13.163179397583008	-1.0833358764648438	0.03212618827819824	0.1935405731201172	1.0	0	0.0	0	0.0	0	-0.004438806790858507	-0.008952770382165909	-0.9999500513076782	0.9999802112579346	0.0044121998362243176	-0.004478443879634142	0.004452073946595192	-0.9999501705169678	0.008933008648455143
3.174314498901367	13.295663833618164	-1.082777976989746	0.008577823638916016	0.1854839324951172	1.0	0	0.0	0	0.0	0	-0.004438806790858507	-0.008952770382165909	-0.9999500513076782	0.9999802112579346	0.004412200301885605	-0.004478444345295429	0.004452074412256479	-0.9999501705169678	0.008933008648455143
3.5666096210479736	13.297394752502441	-1.0845348834991455	0.03212618827819824	0.1854839324951172	1.0	0	0.0	0	0.0	0	-0.004438806790858507	-0.008952770382165909	-0.9999500513076782	0.9999802708625793	0.0044121998362243176	-0.004478444345295429	0.004452073946595192	-0.9999502301216125	0.008933008648455143
3.17484712600708	13.296738624572754	-0.9627957940101624	0.17884863913059235	0.18546779453754425	1.0	0	0.0	0	0.0	0	0.0	0.0	0.0	1.0	0.0	0.0	0.0	0.0	0.0
3.174314498901367	13.295663833618164	-1.082777976989746	0.17884863913059235	0.18546779453754425	1.0	0	0.0	0	0.0	0	0.0	0.0	0.0	1.0	0.0	0.0	0.0	0.0	0.0
3.03141450881958	13.29503345489502	-1.0821380615234375	0.16448014974594116	0.1854877471923828	1.0	0	0.0	0	0.0	0	-0.9999802112579346	-0.004412343259900808	0.004478651564568281	-0.004438992124050856	-0.00895746424794197	-0.9999499917030334	0.0044522397220134735	-0.999950110912323	0.008937700651586056
3.031947135925293	13.29610824584961	-0.9621557593345642	0.15727776288986206	0.1854877471923828	1.0	0	0.0	0	0.0	0	-0.9999802112579346	-0.004412343259900808	0.004478651564568281	-0.004438992124050856	-0.00895746424794197	-0.9999499917030334	0.0044522397220134735	-0.999950110912323	0.008937700651586056
3.017922878265381	16.385549545288086	-1.0497503280639648	0.1608789563179016	0.0	1.0	0	0.0	0	0.0	0	-0.9999802112579346	-0.004412343259900808	0.004478651564568281	-0.004438992589712143	-0.00895746424794197	-0.999950110912323	0.004452240187674761	-0.9999502301216125	0.008937700651586056
3.031947135925293	13.29610824584961	-0.9621557593345642	0.14287281036376953	0.18548202514648438	1.0	0	0.0	0	0.0	0	0.00435194605961442	0.028360964730381966	0.9995883107185364	-0.9999802112579346	-0.004411241505295038	0.00447881082072854	0.0045364489778876305	-0.9995880126953125	0.028341205790638924
3.17484712600708	13.296738624572754	-0.9627957940101624	0.13429498672485352	0.18548202514648438	1.0	0	0.0	0	0.0	0	0.00435194605961442	0.028360964730381966	0.9995883107185364	-0.9999802112579346	-0.004411241039633751	0.00447881082072854	0.004536448512226343	-0.9995880126953125	0.028341205790638924
3.017922878265381	16.385549545288086	-1.0497503280639648	0.14287281036376953	0.0	1.0	0	0.0	0	0.0	0	0.00435194605961442	0.028360964730381966	0.9995883107185364	-0.9999802112579346	-0.004411241505295038	0.00447881082072854	0.0045364489778876305	-0.9995880126953125	0.028341205790638924
4.0784783363342285	13.299654006958008	-1.0868275165557861	0.17884863913059235	0.18546779453754425	1.0	0	0.0	0	0.0	0	0.0	0.0	0.0	1.0	0.0	0.0	0.0	0.0	0.0
4.079010963439941	13.300727844238281	-0.9668452143669128	0.17884863913059235	0.18546779453754425	1.0	0	0.0	0	0.0	0	0.0	0.0	0.0	1.0	0.0	0.0	0.0	0.0	0.0
4.221488952636719	13.300284385681152	-1.087467908859253	0.07143640518188477	0.1854839324951172	1.0	0	0.0	0	0.0	0	-0.00452375179156661	0.010460048913955688	-0.9999350309371948	0.9999802708625793	0.00440782867372036	-0.004477847367525101	0.004360703751444817	-0.9999355673789978	-0.010479781776666641
4.0784783363342285	13.299654006958008	-1.0868275165557861	0.0628519058227539	0.1854839324951172	1.0	0	0.0	0	0.0	0	-0.00452375179156661	0.010460048913955688	-0.9999350309371948	0.9999802708625793	0.00440782867372036	-0.004477847367525101	0.004360703751444817	-0.9999355673789978	-0.010479781776666641
4.207997798919678	16.390666961669922	-1.0550792217254639	0.07143640518188477	7.62939453125e-06	1.0	0	0.0	0	0.0	0	-0.00452375179156661	0.010460048913955688	-0.9999350309371948	0.9999802708625793	0.00440782867372036	-0.004477847367525101	0.004360703751444817	-0.9999355673789978	-0.010479781776666641
4.207997798919678	16.390666961669922	-1.0550792217254639	0.18608587980270386	0.18549442291259766	1.0	0	0.0	0	0.0	0	-0.9991167187690735	0.04182322323322296	0.004060976207256317	0.005252489820122719	0.02841891162097454	0.9995823502540588	0.04169034585356712	0.9987207651138306	-0.028613485395908356
4.0784783363342285	13.299654006958008	-1.0868275165557861	0.1788848638534546	0.00014019012451171875	1.0	0	0.0	0	0.0	0	-0.9991167187690735	0.04182322323322296	0.004060976207256317	0.005252489820122719	0.02841890975832939	0.9995822906494141	0.04169034957885742	0.9987208247184753	-0.028613487258553505
4.079010963439941	13.300727844238281	-0.9668452143669128	0.18608587980270386	0.0	1.0	0	0.0	0	0.0	0	-0.9991167187690735	0.04182322323322296	0.004060976207256317	0.0052524893544614315	0.028418907895684242	0.9995822906494141	0.04169034585356712	0.9987208247184753	-0.028613485395908356
4.079010963439941	13.300727844238281	-0.9668452143669128	0.08002090454101562	0.18548202514648438	1.0	0	0.0	0	0.0	0	0.0	0.0	0.0	1.0	0.0	0.0	0.0	0.0	0.0
4.207997798919678	16.390666961669922	-1.0550792217254639	0.07143640518188477	7.62939453125e-06	1.0	0	0.0	0	0.0	0	0.0	0.0	0.0	1.0	0.0	0.0	0.0	0.0	0.0
3.017922878265381	16.385549545288086	-1.0497503280639648	0.17528444528579712	0.0	1.0	0	0.0	0	0.0	0	0.9987069964408875	0.05060083791613579	-0.0048867566511034966	0.004438910633325577	0.008959153667092323	0.9999499917030334	0.05064208805561066	-0.9986787438392639	0.008722957223653793
3.17484712600708	13.296738624572754	-0.9627957940101624	0.1788848638534546	0.1854686737060547	1.0	0	0.0	0	0.0	0	0.9987069964408875	0.05060083791613579	-0.0048867566511034966	0.004438910633325577	0.008959153667092323	0.9999499917030334	0.05064208805561066	-0.9986787438392639	0.008722957223653793
3.174314498901367	13.295663833618164	-1.082777976989746	0.1716824769973755	0.1854686737060547	1.0	0	0.0	0	0.0	0	0.9987069964408875	0.05060083791613579	-0.0048867566511034966	0.004438911098986864	0.008959153667092323	0.9999500513076782	0.050642091780900955	-0.9986788034439087	0.008722957223653793
3.1749119758605957	13.16144847869873	-1.0815789699554443	0.17884863913059235	0.18546779453754425	1.0	0	0.0	0	0.0	0	0.0	0.0	0.0	1.0	0.0	0.0	0.0	0.0	0.0
3.175445318222046	13.162357330322266	-0.961595356464386	0.17884863913059235	0.18546779453754425	1.0	0	0.0	0	0.0	0	0.0	0.0	0.0	1.0	0.0	0.0	0.0	0.0	0.0
3.175445318222046	13.162357330322266	-0.961595356464386	0.13429498672485352	0.19354820251464844	1.0	0	0.0	0	0.0	0	0.0	0.0	0.0	1.0	0.0	0.0	0.0	0.0	0.0
3.0429060459136963	10.771017074584961	-1.0029287338256836	0.14287281036376953	0.33703041076660156	1.0	0	0.0	0	0.0	0	0.0	0.0	0.0	1.0	0.0	0.0	0.0	0.0	0.0
4.0796098709106445	13.166241645812988	-0.9656438231468201	0.17884863913059235	0.18546779453754425	1.0	0	0.0	0	0.0	0	0.0	0.0	0.0	1.0	0.0	0.0	0.0	0.0	0.0
4.079075813293457	13.16540813446045	-1.0856282711029053	0.17884863913059235	0.18546779453754425	1.0	0	0.0	0	0.0	0	0.0	0.0	0.0	1.0	0.0	0.0	0.0	0.0	0.0
4.222086429595947	13.166038513183594	-1.086268663406372	0.17168253660202026	0.14346790313720703	1.0	0	0.0	0	0.0	0	0.9999802708625793	0.004412335809320211	-0.004481661133468151	-0.004442076198756695	-0.00894063152372837	-0.999950110912323	-0.004452184308320284	0.9999502897262573	-0.008920855820178986
4.222620487213135	13.16687297821045	-0.9662843346595764	0.16448014974594116	0.14345359802246094	1.0	0	0.0	0	0.0	0	0.9999802708625793	0.004412335809320211	-0.004481661133468151	-0.004442076198756695	-0.00894063152372837	-0.9999501705169678	-0.004452184773981571	0.9999503493309021	-0.008920855820178986
4.232973098754883	10.776537895202637	-1.009695053100586	0.16836762428283691	0.0	1.0	0	0.0	0	0.0	0	0.9999802708625793	0.004412335809320211	-0.004481661133468151	-0.004442076198756695	-0.00894063152372837	-0.9999501705169678	-0.004452184773981571	0.9999503493309021	-0.008920855820178986
4.232973098754883	10.776537895202637	-1.009695053100586	0.2004883885383606	0.1435260772705078	1.0	0	0.0	0	0.0	0	-0.9979293942451477	-0.06413387507200241	0.004887367598712444	-0.0028325968887656927	-0.032090671360492706	-0.9994809031486511	0.0642574280500412	-0.9974251985549927	0.031842559576034546
4.0796098709106445	13.166241645812988	-0.9656438231468201	0.19328826665878296	0.0001811981201171875	1.0	0	0.0	0	0.0	0	-0.9979293942451477	-0.06413387507200241	0.004887367598712444	-0.002832596655935049	-0.032090675085783005	-0.9994809627532959	0.0642574280500412	-0.9974252581596375	0.031842563301324844
4.079075813293457	13.16540813446045	-1.0856282711029053	0.2004883885383606	0.0	1.0	0	0.0	0	0.0	0	-0.9979293942451477	-0.06413387507200241	0.004887367598712444	-0.0028325968887656927	-0.032090671360492706	-0.9994809031486511	0.0642574280500412	-0.9974251985549927	0.031842559576034546
4.079075813293457	13.16540813446045	-1.0856282711029053	0.0628519058227539	0.19354248046875	1.0	0	0.0	0	0.0	0	0.0	0.0	0.0	1.0	0.0	0.0	0.0	0.0	0.0
4.232973098754883	10.776537895202637	-1.009695053100586	0.07143640518188477	0.33701324462890625	1.0	0	0.0	0	0.0	0	0.0	0.0	0.0	1.0	0.0	0.0	0.0	0.0	0.0
3.0429060459136963	10.771017074584961	-1.0029287338256836	0.18968957662582397	0.0	1.0	0	0.0	0	0.0	0	0.9984633922576904	-0.055270031094551086	-0.004019636660814285	-0.00444493442773819	-0.007574131712317467	-0.9999614953994751	0.05523744970560074	0.9984427094459534	-0.007808164227753878
3.1749119758605957	13.16144847869873	-1.0815789699554443	0.19328826665878296	0.14350128173828125	1.0	0	0.0	0	0.0	0	0.9984633922576904	-0.055270031094551086	-0.004019636660814285	-0.00444493442773819	-0.007574131246656179	-0.9999614953994751	0.05523744970560074	0.9984427094459534	-0.00780816376209259
3.175445318222046	13.162357330322266	-0.961595356464386	0.18608587980270386	0.14350128173828125	1.0	0	0.0	0	0.0	0	0.9984633922576904	-0.055270031094551086	-0.004019636660814285	-0.004444933962076902	-0.007574131246656179	-0.9999614357948303	0.05523745343089104	0.9984427690505981	-0.007808164693415165
3.0320119857788086	13.160818099975586	-1.0809390544891357	0.0	0.1935405731201172	1.0	0	0.0	0	0.0	0	-0.004331628791987896	-0.03264506161212921	-0.9994576573371887	0.9999803304672241	0.004411241505295038	-0.00447797728702426	0.004555032588541508	-0.9994573593139648	0.032625313848257065
3.1749119758605957	13.16144847869873	-1.0815789699554443	0.008577823638916016	0.1935405731201172	1.0	0	0.0	0	0.0	0	-0.004331628791987896	-0.03264506161212921	-0.9994576573371887	0.9999802708625793	0.004411241039633751	-0.004477976821362972	0.00455503212288022	-0.9994572997093201	0.032625310122966766
3.0429060459136963	10.771017074584961	-1.0029287338256836	0.0	0.33703041076660156	1.0	0	0.0	0	0.0	0	-0.004331628791987896	-0.03264506161212921	-0.9994576573371887	0.9999803304672241	0.004411241505295038	-0.00447797728702426	0.004555032588541508	-0.9994573593139648	0.032625313848257065
3.5666096210479736	13.297394752502441	-1.0845348834991455	0.18608593940734863	0.16704964637756348	1.0	0	0.0	0	0.0	0	-0.004449432250112295	0.9999502301216125	-0.008937723934650421	0.004438996315002441	0.008957474492490292	0.9999500513076782	0.9999803304672241	0.00440953578799963	-0.004478630609810352
3.5671422481536865	13.298469543457031	-0.9645527005195618	0.19328832626342773	0.16704964637756348	1.0	0	0.0	0	0.0	0	-0.004449432250112295	0.9999502301216125	-0.008937723934650421	0.004438996315002441	0.008957474492490292	0.9999500513076782	0.9999803304672241	0.00440953578799963	-0.004478630609810352
3.6865241527557373	13.298995971679688	-0.9650874733924866	0.19328832626342773	0.17421555519104004	1.0	0	0.0	0	0.0	0	-0.004449432250112295	0.9999502301216125	-0.008937723934650421	0.004438996315002441	0.008957474492490292	0.9999500513076782	0.9999803304672241	0.00440953578799963	-0.004478630609810352
3.6871228218078613	13.164509773254395	-0.9638860821723938	0.10358047485351562	0.19355392456054688	1.0	0	0.0	0	0.0	0	0.004439673852175474	0.008952530100941658	0.9999500513076782	-0.9999806880950928	-0.00432926369830966	0.004478569608181715	0.004369141533970833	-0.9999505281448364	0.00893313530832529
3.5677404403686523	13.164088249206543	-0.9633522629737854	0.11074686050415039	0.19354820251464844	1.0	0	0.0	0	0.0	0	0.004439673852175474	0.008952530100941658	0.9999500513076782	-0.9999805688858032	-0.004329263232648373	0.004478569142520428	0.004369141533970833	-0.9999505281448364	0.00893313530832529
3.6275558471679688	-0.27030834555625916	-0.8433399796485901	0.11074686050415039	0.9999971389770508	1.0	0	0.0	0	0.0	0	0.004439673852175474	0.008952530100941658	0.9999500513076782	-0.999980628490448	-0.004329263232648373	0.004478569142520428	0.004369141533970833	-0.9999505877494812	0.008933136239647865
3.5677404403686523	13.164088249206543	-0.9633522629737854	0.14287298917770386	9.5367431640625e-06	1.0	0	0.0	0	0.0	0	-0.9999802708625793	-0.004412310663610697	0.00447846157476306	-0.004439064301550388	-0.00889856182038784	-0.9999505281448364	0.004451944027096033	-0.9999507069587708	0.0088787991553545
3.567207098007202	13.163179397583008	-1.0833358764648438	0.15007537603378296	0.0	1.0	0	0.0	0	0.0	0	-0.9999802708625793	-0.004412310663610697	0.00447846157476306	-0.004439064301550388	-0.00889856182038784	-0.9999505281448364	0.004451944027096033	-0.9999507069587708	0.0088787991553545
3.627023220062256	-0.27138257026672363	-0.9633222222328186	0.15007537603378296	0.80645751953125	1.0	0	0.0	0	0.0	0	-0.9999802708625793	-0.004412310663610697	0.00447846157476306	-0.004439064301550388	-0.00889856182038784	-0.9999505281448364	0.004451944027096033	-0.9999507069587708	0.0088787991553545
3.7464051246643066	-0.27085578441619873	-0.9638568758964539	0.1788487434387207	0.18546783924102783	1.0	0	0.0	0	0.0	0	0.004452151246368885	-0.9999502301216125	0.008932744152843952	0.9999802112579346	0.004412274342030287	-0.004478903952986002	0.0044392673298716545	0.008952507749199867	0.999950110912323
3.7469377517700195	-0.26978158950805664	-0.8438746929168701	0.1788487434387207	0.19267022609710693	1.0	0	0.0	0	0.0	0	0.004452151246368885	-0.9999502301216125	0.008932744152843952	0.9999802708625793	0.004412274342030287	-0.004478904418647289	0.0044392673298716545	0.008952507749199867	0.9999500513076782
3.6275558471679688	-0.27030834555625916	-0.8433399796485901	0.17168259620666504	0.19267022609710693	1.0	0	0.0	0	0.0	0	0.004452151246368885	-0.9999502301216125	0.008932744152843952	0.9999802112579346	0.004412274342030287	-0.004478904418647289	0.004439267795532942	0.008952507749199867	0.999950110912323
3.627023220062256	-0.27138257026672363	-0.9633222222328186	0.03212594985961914	1.0	1.0	0	0.0	0	0.0	0	-0.004440023563802242	-0.00895252451300621	-0.9999500513076782	0.9999802112579346	0.00442769518122077	-0.00447979848831892	0.004467579536139965	-0.9999501705169678	0.008932688273489475
3.567207098007202	13.163179397583008	-1.0833358764648438	0.03212618827819824	0.1935405731201172	1.0	0	0.0	0	0.0	0	-0.004440023563802242	-0.00895252451300621	-0.9999500513076782	0.9999802112579346	0.00442769518122077	-0.00447979848831892	0.004467579536139965	-0.9999501705169678	0.008932688273489475
3.686589241027832	13.163676261901855	-1.0838704109191895	0.039292335510253906	0.19354248046875	1.0	0	0.0	0	0.0	0	-0.004440023563802242	-0.00895252451300621	-0.9999500513076782	0.9999802112579346	0.004427694715559483	-0.00447979848831892	0.004467579070478678	-0.9999501705169678	0.008932688273489475
3.7464051246643066	-0.27085578441619873	-0.9638568758964539	0.15007537603378296	0.8064556121826172	1.0	0	0.0	0	0.0	0	0.9999802112579346	0.0044123101979494095	-0.004477650858461857	0.004438118077814579	0.008929135277867317	0.9999502301216125	0.004452073015272617	-0.9999504089355469	0.00890937726944685
3.686589241027832	13.163676261901855	-1.0838704109191895	0.15007537603378296	0.0	1.0	0	0.0	0	0.0	0	0.9999802112579346	0.0044123101979494095	-0.004477650858461857	0.004438118077814579	0.008929135277867317	0.9999502897262573	0.004452073015272617	-0.9999504685401917	0.00890937726944685
3.6871228218078613	13.164509773254395	-0.9638860821723938	0.15727776288986206	1.430511474609375e-05	1.0	0	0.0	0	0.0	0	0.9999802112579346	0.0044123101979494095	-0.004477650858461857	0.004438118077814579	0.008929135277867317	0.9999502897262573	0.004452073015272617	-0.9999504685401917	0.00890937726944685
3.567207098007202	13.163179397583008	-1.0833358764648438	0.03212618827819824	0.1935405731201172	1.0	0	0.0	0	0.0	0	-0.004439740441739559	-0.008952774107456207	-0.9999500513076782	0.9999802708625793	0.00441751629114151	-0.004479425493627787	0.004457398317754269	-0.999950110912323	0.008932983502745628
3.5666096210479736	13.297394752502441	-1.0845348834991455	0.03212618827819824	0.1854839324951172	1.0	0	0.0	0	0.0	0	-0.004439740441739559	-0.008952774107456207	-0.9999500513076782	0.9999802112579346	0.004417515825480223	-0.004479425027966499	0.004457398317754269	-0.9999501705169678	0.008932984434068203
3.6859915256500244	13.297922134399414	-1.0850696563720703	0.039292335510253906	0.1854839324951172	1.0	0	0.0	0	0.0	0	-0.004439740441739559	-0.008952774107456207	-0.9999500513076782	0.9999802112579346	0.004417515825480223	-0.004479425027966499	0.004457398317754269	-0.9999501705169678	0.008932984434068203
3.5677404403686523	13.164088249206543	-0.9633522629737854	0.11074686050415039	0.19354820251464844	1.0	0	0.0	0	0.0	0	0.0044396743178367615	0.008952511474490166	0.999950110912323	-0.9999806880950928	-0.0043293749913573265	0.004478571005165577	0.004369252827018499	-0.9999505877494812	0.008933116681873798
3.6871228218078613	13.164509773254395	-0.9638860821723938	0.10358047485351562	0.19355392456054688	1.0	0	0.0	0	0.0	0	0.0044396743178367615	0.008952511474490166	0.999950110912323	-0.999980628490448	-0.0043293749913573265	0.00447857053950429	0.004369252827018499	-0.9999505281448364	0.008933116681873798
