2151	724	59
-0.886538028717041	2.9361982345581055	0.37644198536872864	0.9328206777572632	0.49082374572753906	0.5	56	0.5	55	0.0	51	-0.9872600436210632	0.1530962586402893	-0.04335077479481697	-0.01761605031788349	0.1656065434217453	0.9860345721244812	0.15813738107681274	0.9742361903190613	-0.1607997864484787
-0.598608136177063	4.503899097442627	-0.644360363483429	0.8716294169425964	0.3515052795410156	0.9742856214846668	55	0.02571437851533322	56	0.0	51	-0.9872600436210632	0.1530962586402893	-0.04335077479481697	-0.01761605031788349	0.1656065434217453	0.9860345721244812	0.15813738107681274	0.9742361903190613	-0.1607997715473175
-0.8811649084091187	2.7602477073669434	-0.3673059642314911	0.8714052438735962	0.49491214752197266	0.5	56	0.5	55	0.0	51	-0.9872600436210632	0.1530962586402893	-0.04335077479481697	-0.017616048455238342	0.1656065434217453	0.9860345125198364	0.15813736617565155	0.9742361307144165	-0.1607997715473175
-0.598608136177063	4.503899097442627	-0.644360363483429	0.040930330753326416	0.9521453380584717	0.9742856214846668	55	0.02571437851533322	56	0.0	51	-0.6985965967178345	-0.7045750021934509	0.12464678287506104	-0.7152642011642456	0.6830538511276245	-0.1477653980255127	0.018971337005496025	-0.1923837661743164	-0.9811363220214844
-0.20483984053134918	4.2489914894104	0.12167361378669739	0.0	0.8969072103500366	1.0	55	0.0	51	0.0	39	-0.6985965967178345	-0.7045750021934509	0.12464678287506104	-0.7152642011642456	0.6830538511276245	-0.1477653980255127	0.018971338868141174	-0.1923837959766388	-0.9811363816261292
-0.732127845287323	4.8201985359191895	0.3952193856239319	0.040930330753326416	0.8660502433776855	0.9825646543629584	55	0.017435345637041685	56	0.0	51	-0.6985965967178345	-0.7045750021934509	0.12464678287506104	-0.7152642011642456	0.6830538511276245	-0.1477653980255127	0.018971338868141174	-0.1923837959766388	-0.9811363816261292
-0.20483984053134918	4.2489914894104	0.12167361378669739	0.535830020904541	0.6105838418006897	1.0	55	0.0	51	0.0	39	0.18570895493030548	0.09339311718940735	0.9781563878059387	-0.9478512406349182	-0.24538308382034302	0.20338420569896698	0.2590177059173584	-0.964917004108429	0.042952947318553925
-0.886538028717041	2.9361982345581055	0.37644198536872864	0.5994212627410889	0.5297040343284607	0.5	56	0.5	55	0.0	51	0.18570895493030548	0.09339311718940735	0.9781563878059387	-0.9478512406349182	-0.2453830987215042	0.20338420569896698	0.2590177357196808	-0.964917004108429	0.042952947318553925
-0.12949812412261963	2.8758606910705566	0.2384742945432663	0.5414637327194214	0.5114596486091614	0.5	56	0.5	55	0.0	51	0.18570895493030548	0.09339311718940735	0.9781563878059387	-0.947851300239563	-0.24538308382034302	0.20338422060012817	0.2590177059173584	-0.9649170637130737	0.042952947318553925
-0.37086814641952515	2.7306032180786133	-0.4445386826992035	0.8227074146270752	0.5253009796142578	0.5	56	0.5	55	0.0	51	0.9410674571990967	0.022931767627596855	-0.3374408483505249	-0.33321237564086914	-0.10817195475101471	-0.9366260170936584	-0.05798012763261795	0.9938677549362183	-0.09415595978498459
-0.20483984053134918	4.2489914894104	0.12167361378669739	0.763967752456665	0.40878963470458984	1.0	55	0.0	51	0.0	39	0.9410674571990967	0.022931767627596855	-0.3374408483505249	-0.33321237564086914	-0.10817195475101471	-0.9366260766983032	-0.05798012763261795	0.9938677549362183	-0.09415595978498459
-0.12949812412261963	2.8758606910705566	0.2384742945432663	0.7664697170257568	0.5199785232543945	0.5	56	0.5	55	0.0	51	0.9410674571990967	0.022931767627596855	-0.3374408483505249	-0.33321237564086914	-0.10817193984985352	-0.9366260170936584	-0.057980120182037354	0.9938676953315735	-0.0941559448838234
-0.37946629524230957	1.9959731101989746	-0.15606018900871277	0.8059775829315186	0.5866670608520508	1.0	56	0.0	55	0.0	49	0.9233407378196716	-0.09555485099554062	-0.37190231680870056	-0.380982369184494	-0.10715724527835846	-0.9183517098426819	0.04790092259645462	0.9896396398544312	-0.13534733653068542
-0.12949812412261963	2.8758606910705566	0.2384742945432663	0.7664697170257568	0.5199785232543945	0.5	56	0.5	55	0.0	51	0.9233407378196716	-0.09555485099554062	-0.37190231680870056	-0.380982369184494	-0.10715723037719727	-0.9183517098426819	0.04790092632174492	0.9896396398544312	-0.13534733653068542
-0.23025371134281158	1.9494327306747437	0.22635535895824432	0.7755887508392334	0.5939579010009766	1.0	56	0.0	55	0.0	49	0.9233407378196716	-0.09555485099554062	-0.37190231680870056	-0.380982369184494	-0.10715723037719727	-0.9183517098426819	0.04790092632174492	0.9896396398544312	-0.13534733653068542
-0.6957802772521973	1.9752755165100098	-0.10807434469461441	0.7974669933319092	0.0	1.0	56	0.0	55	0.0	49	-0.11663659662008286	-0.3618360757827759	-0.9249165654182434	0.9910426735877991	-0.10338986665010452	-0.08452833443880081	-0.06504159420728683	-0.926490843296051	0.37065401673316956
-0.37086814641952515	2.7306032180786133	-0.4445386826992035	0.8135819435119629	0.06473350524902344	0.5	56	0.5	55	0.0	51	-0.11663659662008286	-0.3618360757827759	-0.9249165654182434	0.9910426735877991	-0.10338987410068512	-0.08452833443880081	-0.06504160165786743	-0.926490843296051	0.37065401673316956
-0.37946629524230957	1.9959731101989746	-0.15606018900871277	0.8217868804931641	0.004404306411743164	1.0	56	0.0	55	0.0	49	-0.11663659662008286	-0.3618360757827759	-0.9249165654182434	0.9910426139831543	-0.10338985919952393	-0.08452833443880081	-0.06504159420728683	-0.9264907836914062	0.37065401673316956
-0.6957802772521973	1.9752755165100098	-0.10807434469461441	0.8804612755775452	0.559840202331543	1.0	56	0.0	55	0.0	49	-0.9754382371902466	-0.21583148837089539	0.04401291534304619	0.008176198229193687	0.16419611871242523	0.9863938093185425	-0.2201215922832489	0.9625260829925537	-0.15839847922325134
-0.886538028717041	2.9361982345581055	0.37644198536872864	0.9328206777572632	0.49082374572753906	0.5	56	0.5	55	0.0	51	-0.9754382371902466	-0.21583148837089539	0.04401291534304619	0.008176198229193687	0.16419613361358643	0.9863938689231873	-0.2201216071844101	0.9625261425971985	-0.15839849412441254
-0.8811649084091187	2.7602477073669434	-0.3673059642314911	0.8714052438735962	0.49491214752197266	0.5	56	0.5	55	0.0	51	-0.9754382371902466	-0.21583148837089539	0.04401291534304619	0.008176201954483986	0.16419611871242523	0.9863938689231873	-0.2201216071844101	0.9625261425971985	-0.15839847922325134
-0.6809915900230408	1.9405417442321777	0.2515295743942261	0.5938491821289062	0.4497324824333191	1.0	56	0.0	55	0.0	49	0.17183971405029297	-0.0876261293888092	0.9812201261520386	-0.9627244472503662	-0.22613561153411865	0.14840596914291382	0.20888453722000122	-0.9701465368270874	-0.12321888655424118
-0.12949812412261963	2.8758606910705566	0.2384742945432663	0.5414637327194214	0.5114596486091614	0.5	56	0.5	55	0.0	51	0.17183971405029297	-0.0876261293888092	0.9812201261520386	-0.962724506855011	-0.22613564133644104	0.14840596914291382	0.2088845670223236	-0.9701465964317322	-0.12321889400482178
-0.886538028717041	2.9361982345581055	0.37644198536872864	0.5994212627410889	0.5297040343284607	0.5	56	0.5	55	0.0	51	0.17183971405029297	-0.0876261293888092	0.9812201261520386	-0.962724506855011	-0.22613562643527985	0.14840596914291382	0.20888455212116241	-0.9701465964317322	-0.12321889400482178
-0.3667292594909668	0.3032405972480774	-0.18375349044799805	0.9363534450531006	0.11680483818054199	0.511814395432711	58	0.48818560456728904	57	0.0	56	-0.03602045774459839	0.5582423806190491	-0.828895628452301	-0.997284471988678	0.03323459252715111	0.06572069972753525	0.06423608958721161	0.8290120363235474	0.5555293560028076
-0.7354867458343506	0.05364401638507843	-0.33582639694213867	0.9672761559486389	0.1368269920349121	1.0	58	0.0	57	0.0	56	-0.03602045774459839	0.5582423806190491	-0.828895628452301	-0.9972844123840332	0.03323458507657051	0.06572069972753525	0.06423608213663101	0.8290119767189026	0.5555293560028076
-0.7393641471862793	0.3074415326118469	-0.16473104059696198	0.965804934501648	0.11743307113647461	0.5	58	0.5	57	0.0	56	-0.03602045774459839	0.5582423806190491	-0.828895628452301	-0.997284471988678	0.03323458880186081	0.06572069972753525	0.06423608213663101	0.8290120363235474	0.5555293560028076
-0.8811649084091187	2.7602477073669434	-0.3673059642314911	0.7738997936248779	0.06267738342285156	0.5	56	0.5	55	0.0	51	-0.15813885629177094	-0.20661959052085876	-0.9655571579933167	0.984654426574707	-0.1060938611626625	-0.1385635882616043	-0.07380972057580948	-0.9726523160934448	0.2202264368534088
-0.2703453302383423	4.228013038635254	-0.7814330458641052	0.806657075881958	0.18712091445922852	1.0	55	0.0	51	0.0	39	-0.15813885629177094	-0.20661959052085876	-0.9655571579933167	0.984654426574707	-0.1060938686132431	-0.13856357336044312	-0.07380972802639008	-0.9726523160934448	0.2202264368534088
-0.37086814641952515	2.7306032180786133	-0.4445386826992035	0.8135819435119629	0.06473350524902344	0.5	56	0.5	55	0.0	51	-0.15813885629177094	-0.20661959052085876	-0.9655571579933167	0.984654426574707	-0.1060938611626625	-0.1385635882616043	-0.07380972057580948	-0.9726523160934448	0.2202264368534088
-0.6592568159103394	0.6050254106521606	0.26979371905326843	0.6044690608978271	0.35118526220321655	0.5	57	0.5	56	0.0	58	0.2080882042646408	0.025740697979927063	0.9777712821960449	-0.9464592933654785	-0.2469448447227478	0.2079254686832428	0.2468077540397644	-0.9686876535415649	-0.027023788541555405
-0.25107720494270325	1.6215484142303467	0.1561645120382309	0.563798189163208	0.41780704259872437	1.0	56	0.0	37	0.0	23	0.2080882042646408	0.025740697979927063	0.9777712821960449	-0.9464593529701233	-0.24694488942623138	0.20792549848556519	0.2468077540397644	-0.9686875939369202	-0.027023794129490852
-0.7292810082435608	1.6131917238235474	0.25815531611442566	0.6006813049316406	0.4263295531272888	0.9886677692121907	56	0.01133223078780933	55	0.0	49	0.2080882042646408	0.025740697979927063	0.9777712821960449	-0.9464593529701233	-0.2469448745250702	0.207925483584404	0.2468077540397644	-0.9686875939369202	-0.027023790404200554
-0.6241029500961304	0.5565699934959412	-0.06381730735301971	0.864443302154541	0.6727561950683594	0.5	57	0.5	56	0.0	58	-0.9950780272483826	-0.08217771351337433	-0.05537617579102516	-0.06860511749982834	0.16806644201278687	0.9833855032920837	-0.07150549441576004	0.982344388961792	-0.17287702858448029
-0.7292810082435608	1.6131917238235474	0.25815531611442566	0.9047853350639343	0.5935983657836914	0.9886677692121907	56	0.01133223078780933	55	0.0	49	-0.9950780272483826	-0.08217771351337433	-0.05537617579102516	-0.06860511749982834	0.16806644201278687	0.983385443687439	-0.07150549441576004	0.9823443293571472	-0.17287702858448029
-0.7065930962562561	1.7384203672409058	-0.33537155389785767	0.8592770099639893	0.5756845474243164	1.0	56	0.0	55	0.0	49	-0.9950780272483826	-0.08217771351337433	-0.05537617579102516	-0.06860511749982834	0.16806644201278687	0.9833855032920837	-0.07150549441576004	0.982344388961792	-0.17287702858448029
-0.45329558849334717	0.5529993772506714	-0.09808441251516342	0.9425256252288818	0.0974264144897461	0.49392245673666796	57	0.49392245673666796	56	0.01215508652666412	58	-0.07488793134689331	-0.21108752489089966	-0.9745941758155823	-0.9970296025276184	0.033486537635326385	0.06935901939868927	0.017994964495301247	0.9768934845924377	-0.21296827495098114
-0.7065930962562561	1.7384203672409058	-0.33537155389785767	0.9672761559486389	0.001329183578491211	1.0	56	0.0	55	0.0	49	-0.07488793134689331	-0.21108752489089966	-0.9745941758155823	-0.9970296621322632	0.03348653391003609	0.06935901939868927	0.01799495704472065	0.976893424987793	-0.21296826004981995
-0.2028694897890091	1.7377808094024658	-0.3739392161369324	0.9276307225227356	0.0	1.0	56	0.0	55	0.0	49	-0.07488793134689331	-0.21108752489089966	-0.9745941758155823	-0.9970296025276184	0.03348653391003609	0.06935901939868927	0.017994960770010948	0.9768934845924377	-0.21296827495098114
-0.45329558849334717	0.5529993772506714	-0.09808441251516342	0.8139424324035645	0.7026987075805664	0.49392245673666796	57	0.49392245673666796	56	0.01215508652666412	58	0.9667294025421143	-0.13061738014221191	-0.21993950009346008	-0.23453062772750854	-0.1093171164393425	-0.9659426212310791	0.10212574154138565	0.9853876829147339	-0.13631384074687958
-0.25107720494270325	1.6215484142303467	0.1561645120382309	0.7840845584869385	0.6195945739746094	1.0	56	0.0	37	0.0	23	0.9667294025421143	-0.13061738014221191	-0.21993950009346008	-0.23453061282634735	-0.1093171164393425	-0.9659425616264343	0.10212573409080505	0.9853876233100891	-0.13631384074687958
-0.39014387130737305	0.5450022220611572	0.1842440813779831	0.7913222312927246	0.7058916091918945	0.5008688740557742	57	0.4991311259442258	56	0.0	58	0.9667294025421143	-0.13061738014221191	-0.21993950009346008	-0.23453062772750854	-0.10931713134050369	-0.9659426212310791	0.10212574899196625	0.9853877425193787	-0.13631387054920197
-0.3667292594909668	0.3032405972480774	-0.18375349044799805	0.8228988647460938	0.7221145629882812	0.511814395432711	58	0.48818560456728904	57	0.0	56	0.9729974865913391	0.2164100706577301	-0.08026490360498428	-0.057718995958566666	-0.10856890678405762	-0.9924119114875793	-0.22348220646381378	0.9702471494674683	-0.09314630925655365
-0.39014387130737305	0.5450022220611572	0.1842440813779831	0.7913222312927246	0.7058916091918945	0.5008688740557742	57	0.4991311259442258	56	0.0	58	0.9729974865913391	0.2164100706577301	-0.08026490360498428	-0.057718995958566666	-0.10856890678405762	-0.9924119114875793	-0.22348220646381378	0.9702471494674683	-0.09314630925655365
-0.32492420077323914	0.32426440715789795	0.3797054886817932	0.7775118350982666	0.7253847122192383	0.5	58	0.5	57	0.0	56	0.9729974865913391	0.2164100706577301	-0.08026490360498428	-0.05771899223327637	-0.10856889933347702	-0.9924118518829346	-0.2234821915626526	0.9702470898628235	-0.09314630180597305
-0.7393641471862793	0.3074415326118469	-0.16473104059696198	0.965804934501648	0.11743307113647461	0.5	58	0.5	57	0.0	56	-0.04498063772916794	0.3101385831832886	-0.9496266841888428	-0.9977851510047913	0.032683342695236206	0.057935792952775955	0.04900509864091873	0.9501293897628784	0.30798155069351196
-0.45329558849334717	0.5529993772506714	-0.09808441251516342	0.9425256252288818	0.0974264144897461	0.49392245673666796	57	0.49392245673666796	56	0.01215508652666412	58	-0.04498063772916794	0.3101385831832886	-0.9496266841888428	-0.997785210609436	0.0326833501458168	0.05793580040335655	0.049005113542079926	0.9501294493675232	0.30798158049583435
-0.3667292594909668	0.3032405972480774	-0.18375349044799805	0.9363534450531006	0.11680483818054199	0.511814395432711	58	0.48818560456728904	57	0.0	56	-0.04498063772916794	0.3101385831832886	-0.9496266841888428	-0.9977851510047913	0.032683346420526505	0.057935796678066254	0.04900510609149933	0.9501293897628784	0.30798155069351196
-0.7393641471862793	0.3074415326118469	-0.16473104059696198	0.8536267876625061	0.6917219161987305	0.5	58	0.5	57	0.0	56	-0.8697572946548462	0.4669996500015259	-0.15947912633419037	-0.08927446603775024	0.16893735527992249	0.9815754294395447	0.4853373169898987	0.8679696917533875	-0.10524334013462067
-0.6592568159103394	0.6050254106521606	0.26979371905326843	0.8917381763458252	0.6734895706176758	0.5	57	0.5	56	0.0	58	-0.8697572946548462	0.4669996500015259	-0.15947912633419037	-0.08927445113658905	0.1689373254776001	0.9815753698348999	0.48533734679222107	0.8679697513580322	-0.10524332523345947
-0.6241029500961304	0.5565699934959412	-0.06381730735301971	0.864443302154541	0.6727561950683594	0.5	57	0.5	56	0.0	58	-0.8697572946548462	0.4669996500015259	-0.15947912633419037	-0.08927445858716965	0.1689373403787613	0.9815754294395447	0.4853373169898987	0.8679696917533875	-0.10524332523345947
-0.32492420077323914	0.32426440715789795	0.3797054886817932	0.7690578699111938	0.3113100528717041	0.5	58	0.5	57	0.0	56	0.11426560580730438	0.4771808683872223	0.8713449239730835	-0.9928098917007446	0.02336331084370613	0.11739955097436905	0.035663314163684845	-0.8784945011138916	0.47641944885253906
-0.6592568159103394	0.6050254106521606	0.26979371905326843	0.7961046099662781	0.3219921588897705	0.5	57	0.5	56	0.0	58	0.11426560580730438	0.4771808683872223	0.8713449239730835	-0.9928099513053894	0.02336331084370613	0.11739955842494965	0.035663314163684845	-0.8784945607185364	0.47641947865486145
-0.8257196545600891	0.33404549956321716	0.4400218427181244	0.8097048997879028	0.3112316131591797	0.5	58	0.5	57	0.0	56	0.11426560580730438	0.4771808683872223	0.8713449239730835	-0.9928099513053894	0.02336331270635128	0.11739955842494965	0.035663314163684845	-0.8784945607185364	0.47641947865486145
-0.25107720494270325	1.6215484142303467	0.1561645120382309	0.563798189163208	0.41780704259872437	1.0	56	0.0	37	0.0	23	0.2087588906288147	-0.011001973412930965	0.9779053330421448	-0.9489243030548096	-0.24415697157382965	0.199825257062912	0.23656393587589264	-0.9696733951568604	-0.061409976333379745
-0.6809915900230408	1.9405417442321777	0.2515295743942261	0.5938491821289062	0.4497324824333191	1.0	56	0.0	55	0.0	49	0.2087588906288147	-0.011001973412930965	0.9779053330421448	-0.9489243030548096	-0.24415695667266846	0.1998252421617508	0.23656392097473145	-0.9696733951568604	-0.061409976333379745
-0.7292810082435608	1.6131917238235474	0.25815531611442566	0.6006813049316406	0.4263295531272888	0.9886677692121907	56	0.01133223078780933	55	0.0	49	0.2087588906288147	-0.011001973412930965	0.9779053330421448	-0.9489242434501648	-0.24415694177150726	0.1998252272605896	0.23656390607357025	-0.9696733355522156	-0.06140997260808945
-0.7292810082435608	1.6131917238235474	0.25815531611442566	0.9047853350639343	0.5935983657836914	0.9886677692121907	56	0.01133223078780933	55	0.0	49	-0.9973835349082947	0.06829176098108292	-0.023716647177934647	-0.01213161926716566	0.16530150175094604	0.9861684441566467	0.07126757502555847	0.9838758707046509	-0.16404050588607788
-0.6957802772521973	1.9752755165100098	-0.10807434469461441	0.8804612755775452	0.559840202331543	1.0	56	0.0	55	0.0	49	-0.9973835349082947	0.06829176098108292	-0.023716647177934647	-0.012131618335843086	0.16530150175094604	0.9861684441566467	0.07126758247613907	0.9838758707046509	-0.16404050588607788
-0.7065930962562561	1.7384203672409058	-0.33537155389785767	0.8592770099639893	0.5756845474243164	1.0	56	0.0	55	0.0	49	-0.9973835349082947	0.06829176098108292	-0.023716647177934647	-0.012131618335843086	0.16530151665210724	0.9861684441566467	0.07126757502555847	0.9838758707046509	-0.16404052078723907
-0.7065930962562561	1.7384203672409058	-0.33537155389785767	0.8345867395401001	0.7545809745788574	1.0	56	0.0	55	0.0	49	-0.05912349000573158	0.619865357875824	-0.7824777960777283	-0.08950097113847733	-0.7839836478233337	-0.6142956614494324	-0.9942303895950317	0.033713217824697495	0.10183040797710419
-0.37946629524230957	1.9959731101989746	-0.15606018900871277	0.8169416189193726	0.7786167860031128	1.0	56	0.0	55	0.0	49	-0.05912349000573158	0.619865357875824	-0.7824777960777283	-0.08950097858905792	-0.7839836478233337	-0.6142956614494324	-0.9942303895950317	0.033713217824697495	0.10183040797710419
-0.2028694897890091	1.7377808094024658	-0.3739392161369324	0.8345867395401001	0.7952533960342407	1.0	56	0.0	55	0.0	49	-0.05912349000573158	0.619865357875824	-0.7824777960777283	-0.08950098603963852	-0.7839837074279785	-0.6142957210540771	-0.9942303895950317	0.03371322154998779	0.10183040052652359
-0.25107720494270325	1.6215484142303467	0.1561645120382309	0.7840845584869385	0.6195945739746094	1.0	56	0.0	37	0.0	23	0.9321898221969604	0.018187573179602623	-0.36151251196861267	-0.3576432168483734	-0.10767696052789688	-0.9276297092437744	-0.05579791218042374	0.9940195679664612	-0.09387072175741196
-0.37946629524230957	1.9959731101989746	-0.15606018900871277	0.8059775829315186	0.5866670608520508	1.0	56	0.0	55	0.0	49	0.9321898221969604	0.018187573179602623	-0.36151251196861267	-0.3576432168483734	-0.10767697542905807	-0.9276297688484192	-0.055797919631004333	0.994019627571106	-0.09387073665857315
-0.23025371134281158	1.9494327306747437	0.22635535895824432	0.7755887508392334	0.5939579010009766	1.0	56	0.0	55	0.0	49	0.9321898221969604	0.018187573179602623	-0.36151251196861267	-0.3576432168483734	-0.10767697542905807	-0.9276297688484192	-0.055797919631004333	0.994019627571106	-0.09387073665857315
-0.30165183544158936	0.06235981360077858	0.4521561563014984	0.13695800304412842	0.8993408679962158	1.0	58	0.0	57	0.0	56	-0.01910942606627941	-0.9995846152305603	0.021577266976237297	0.999485433101654	-0.01854255422949791	0.026172995567321777	-0.025762023404240608	0.022066311910748482	0.9994245171546936
-0.7354867458343506	0.05364401638507843	-0.33582639694213867	0.10019481182098389	0.9618587493896484	1.0	58	0.0	57	0.0	56	-0.01910942606627941	-0.9995846152305603	0.021577266976237297	0.999485433101654	-0.01854255422949791	0.026172993704676628	-0.02576202154159546	0.022066311910748482	0.9994245171546936
-0.27863577008247375	0.045084718614816666	-0.32774296402931213	0.13695800304412842	0.9621710777282715	1.0	58	0.0	57	0.0	56	-0.01910942606627941	-0.9995846152305603	0.021577266976237297	0.999485433101654	-0.01854255422949791	0.026172995567321777	-0.025762023404240608	0.022066311910748482	0.9994245171546936
-0.30165183544158936	0.06235981360077858	0.4521561563014984	0.7739591598510742	0.7470426559448242	1.0	58	0.0	57	0.0	56	0.9948106408119202	0.06728487461805344	-0.0763191357254982	-0.06872719526290894	-0.10871274769306183	-0.9916945695877075	-0.07502290606498718	0.9917935132980347	-0.10352429747581482
-0.3667292594909668	0.3032405972480774	-0.18375349044799805	0.8228988647460938	0.7221145629882812	0.511814395432711	58	0.48818560456728904	57	0.0	56	0.9948106408119202	0.06728487461805344	-0.0763191357254982	-0.06872719526290894	-0.10871275514364243	-0.9916945695877075	-0.07502290606498718	0.9917935132980347	-0.10352430492639542
-0.32492420077323914	0.32426440715789795	0.3797054886817932	0.7775118350982666	0.7253847122192383	0.5	58	0.5	57	0.0	56	0.9948106408119202	0.06728487461805344	-0.0763191357254982	-0.06872720271348953	-0.10871275514364243	-0.9916946291923523	-0.07502290606498718	0.9917934536933899	-0.10352429002523422
-0.7393641471862793	0.3074415326118469	-0.16473104059696198	0.8536267876625061	0.6917219161987305	0.5	58	0.5	57	0.0	56	-0.9877192974090576	0.06124372035264969	-0.14373527467250824	-0.1315339356660843	0.170528382062912	0.9765340685844421	0.08431752771139145	0.9834476113319397	-0.16037854552268982
-0.8499030470848083	0.05512451380491257	0.48736056685447693	0.902489185333252	0.7209014892578125	1.0	58	0.0	57	0.0	56	-0.9877192974090576	0.06124372035264969	-0.14373527467250824	-0.1315339356660843	0.17052839696407318	0.9765341281890869	0.08431752771139145	0.9834476709365845	-0.160378560423851
-0.8257196545600891	0.33404549956321716	0.4400218427181244	0.902387261390686	0.6980171203613281	0.5	58	0.5	57	0.0	56	-0.9877192974090576	0.06124372035264969	-0.14373527467250824	-0.13153395056724548	0.17052839696407318	0.9765341877937317	0.08431752771139145	0.9834477305412292	-0.160378560423851
-0.40496882796287537	0.0574265718460083	1.1169613599777222	0.1301429271697998	0.8455493450164795	1.0	58	0.0	57	0.0	56	0.012847531586885452	-0.9999027848243713	-0.0054232338443398476	0.9995490312576294	0.012695372104644775	0.027216197922825813	-0.027144698426127434	-0.005770448129624128	0.9996148347854614
-0.8499030470848083	0.05512451380491257	0.48736056685447693	0.09287393093109131	0.8953015804290771	1.0	58	0.0	57	0.0	56	0.012847531586885452	-0.9999027848243713	-0.0054232338443398476	0.9995489716529846	0.0126953711733222	0.027216194197535515	-0.027144698426127434	-0.005770448595285416	0.9996148943901062
-0.30165183544158936	0.06235981360077858	0.4521561563014984	0.13695800304412842	0.8993408679962158	1.0	58	0.0	57	0.0	56	0.012847531586885452	-0.9999027848243713	-0.0054232338443398476	0.9995489716529846	0.0126953711733222	0.027216194197535515	-0.027144698426127434	-0.005770448595285416	0.9996148943901062
-0.7281584143638611	0.06194119527935982	1.2054696083068848	0.9276307225227356	0.31407952308654785	1.0	58	0.0	57	0.0	56	0.3174671232700348	0.243665412068367	0.9164288640022278	0.16651993989944458	0.9370802640914917	-0.30684176087379456	-0.9335340857505798	0.25001585483551025	0.2569170296192169
-0.42480137944221497	0.13968287408351898	1.0797109603881836	0.9330137968063354	0.33693039417266846	1.0	58	0.0	57	0.0	56	0.3174671232700348	0.243665412068367	0.9164288640022278	0.16651993989944458	0.9370802640914917	-0.30684176087379456	-0.9335340857505798	0.25001585483551025	0.2569170296192169
-0.7497509717941284	0.1451326310634613	1.1908302307128906	0.9330137968063354	0.31120872497558594	1.0	58	0.0	57	0.0	56	0.3174671232700348	0.243665412068367	0.9164288640022278	0.1665199249982834	0.9370802044868469	-0.30684173107147217	-0.9335340261459351	0.25001582503318787	0.25691699981689453
-0.42480137944221497	0.13968287408351898	1.0797109603881836	0.7231006622314453	0.7460851669311523	1.0	58	0.0	57	0.0	56	0.9753116369247437	0.13500761985778809	0.17475762963294983	0.1890922337770462	-0.1017988920211792	-0.9766683578491211	-0.11406753212213516	0.9856013059616089	-0.12481454014778137
-0.30165183544158936	0.06235981360077858	0.4521561563014984	0.7739591598510742	0.7470426559448242	1.0	58	0.0	57	0.0	56	0.9753116369247437	0.13500761985778809	0.17475762963294983	0.1890922337770462	-0.1017988920211792	-0.9766683578491211	-0.11406753212213516	0.9856013059616089	-0.12481454014778137
-0.32492420077323914	0.32426440715789795	0.3797054886817932	0.7775118350982666	0.7253847122192383	0.5	58	0.5	57	0.0	56	0.9753116369247437	0.13500761985778809	0.17475762963294983	0.1890922486782074	-0.1017988920211792	-0.9766684174537659	-0.11406753212213516	0.9856012463569641	-0.12481452524662018
-0.8257196545600891	0.33404549956321716	0.4400218427181244	0.8097048997879028	0.3112316131591797	0.5	58	0.5	57	0.0	56	0.05030427873134613	0.963931679725647	0.2613525688648224	-0.9928604960441589	0.01992763951420784	0.11760453879833221	0.10815460979938507	-0.2654026746749878	0.9580522179603577
-0.42480137944221497	0.13968287408351898	1.0797109603881836	0.7826660871505737	0.2571685314178467	1.0	58	0.0	57	0.0	56	0.05030427873134613	0.963931679725647	0.2613525688648224	-0.9928606152534485	0.01992763951420784	0.117604561150074	0.10815461724996567	-0.2654026746749878	0.9580522179603577
-0.32492420077323914	0.32426440715789795	0.3797054886817932	0.7690578699111938	0.3113100528717041	0.5	58	0.5	57	0.0	56	0.05030427873134613	0.963931679725647	0.2613525688648224	-0.9928605556488037	0.01992764137685299	0.11760454624891281	0.10815461724996567	-0.2654026746749878	0.9580522775650024
-0.8499030470848083	0.05512451380491257	0.48736056685447693	0.902489185333252	0.7209014892578125	1.0	58	0.0	57	0.0	56	-0.9861516356468201	0.10700728744268417	0.12670570611953735	0.14243139326572418	0.15507112443447113	0.9775819182395935	0.08495999127626419	0.9820908904075623	-0.16816483438014984
-0.7497509717941284	0.1451326310634613	1.1908302307128906	0.9590353965759277	0.722625732421875	1.0	58	0.0	57	0.0	56	-0.9861516356468201	0.10700728744268417	0.12670570611953735	0.14243139326572418	0.15507112443447113	0.9775819182395935	0.08495999127626419	0.9820908904075623	-0.16816483438014984
-0.8257196545600891	0.33404549956321716	0.4400218427181244	0.902387261390686	0.6980171203613281	0.5	58	0.5	57	0.0	56	-0.9861516356468201	0.10700728744268417	0.12670570611953735	0.142431378364563	0.15507109463214874	0.9775818586349487	0.0849599838256836	0.9820908308029175	-0.16816480457782745
-0.4050147235393524	7.926194667816162	0.23926913738250732	0.17203140258789062	0.7851552963256836	1.0	4	0.0	0	0.0	0	-0.751433253288269	0.5633010268211365	0.34356939792633057	0.4805295169353485	0.8240416049957275	-0.30007800459861755	-0.45214971899986267	-0.06039337068796158	-0.8898950815200806
-0.4810047447681427	7.711513519287109	0.42505019903182983	0.15009784698486328	0.7930312156677246	1.0	4	0.0	0	0.0	0	-0.751433253288269	0.5633010268211365	0.34356939792633057	0.4805295169353485	0.8240416646003723	-0.30007803440093994	-0.45214974880218506	-0.06039338558912277	-0.8898950815200806
-0.2187456339597702	7.982676029205322	0.5540608763694763	0.16807079315185547	0.8097014427185059	1.0	4	0.0	0	0.0	0	-0.751433253288269	0.5633010268211365	0.34356939792633057	0.4805295169353485	0.8240416049957275	-0.30007800459861755	-0.45214971899986267	-0.06039337068796158	-0.8898950815200806
0.2948175072669983	7.977457523345947	0.5550798177719116	0.7400175929069519	0.8674472570419312	1.0	4	0.0	0	0.0	0	0.4950701594352722	0.8517038226127625	0.17177347838878632	-0.8069706559181213	0.3774583339691162	0.4542285203933716	0.32203084230422974	-0.36349114775657654	0.874168336391449
0.04772275313735008	8.199052810668945	0.1684991419315338	0.7431002259254456	0.9038641452789307	1.0	4	0.0	0	0.0	0	0.4950701594352722	0.8517038226127625	0.17177347838878632	-0.8069706559181213	0.3774583339691162	0.4542284905910492	0.32203084230422974	-0.36349114775657654	0.8741684556007385
0.029496565461158752	8.100519180297852	0.7095879316329956	0.7654635310173035	0.8670895099639893	1.0	4	0.0	0	0.0	0	0.4950701594352722	0.8517038226127625	0.17177347838878632	-0.8069706559181213	0.3774583339691162	0.4542285203933716	0.32203084230422974	-0.36349114775657654	0.874168336391449
0.45843103528022766	7.934944152832031	0.3041874170303345	0.025697708129882812	0.6604161262512207	1.0	4	0.0	0	0.0	0	0.9594172835350037	0.1282731145620346	-0.2511267066001892	0.018069889396429062	-0.9166860580444336	-0.39919933676719666	-0.2814108729362488	0.3784608840942383	-0.8818022608757019
0.5288687944412231	7.711045742034912	0.458926260471344	0.0373382568359375	0.6791701316833496	1.0	4	0.0	0	0.0	0	0.9594172835350037	0.1282731145620346	-0.2511267066001892	0.018069889396429062	-0.9166860580444336	-0.39919933676719666	-0.2814108729362488	0.3784608840942383	-0.8818022608757019
0.48220545053482056	7.624172687530518	0.23627731204032898	0.05088043212890625	0.6654291152954102	1.0	4	0.0	0	0.0	0	0.9594172835350037	0.1282731145620346	-0.2511267066001892	0.018069889396429062	-0.9166861176490784	-0.39919936656951904	-0.2814108729362488	0.37846091389656067	-0.8818023204803467
-0.28371965885162354	7.828554153442383	-0.045618828386068344	0.17370223999023438	0.7604613304138184	1.0	4	0.0	0	0.0	0	-0.8738747239112854	0.20312529802322388	-0.44168224930763245	0.3667544722557068	0.8718193173408508	-0.3246879577636719	0.3191147744655609	-0.44572556018829346	-0.8363579511642456
-0.47046518325805664	7.624172687530518	0.2298669070005417	0.14931583404541016	0.7757863998413086	1.0	4	0.0	0	0.0	0	-0.8738747239112854	0.20312529802322388	-0.44168224930763245	0.3667544722557068	0.8718193173408508	-0.3246879279613495	0.3191147744655609	-0.4457255005836487	-0.8363580107688904
-0.4050147235393524	7.926194667816162	0.23926913738250732	0.17203140258789062	0.7851552963256836	1.0	4	0.0	0	0.0	0	-0.8738747239112854	0.20312529802322388	-0.44168224930763245	0.3667544722557068	0.8718193769454956	-0.32468798756599426	0.3191147446632385	-0.4457255005836487	-0.8363579511642456
0.005870080087333918	7.147826671600342	0.23307210206985474	0.7305176258087158	0.27007752656936646	1.0	4	0.0	2	0.0	0	-0.26578250527381897	-0.8341226577758789	-0.48332104086875916	-0.96330726146698	0.21034222841262817	0.166719451546669	-0.037401631474494934	0.5098977088928223	-0.8594215512275696
-0.3428894877433777	7.022380352020264	0.6413551568984985	0.7641645669937134	0.2981168031692505	1.0	4	0.0	0	0.0	0	-0.26578250527381897	-0.8341226577758789	-0.48332104086875916	-0.96330726146698	0.21034222841262817	0.1667194664478302	-0.03740164637565613	0.5098977088928223	-0.8594215512275696
-0.4168003797531128	7.281064033508301	0.23555928468704224	0.7635372877120972	0.26438266038894653	1.0	4	0.0	0	0.0	0	-0.26578250527381897	-0.8341226577758789	-0.48332104086875916	-0.9633072018623352	0.2103421986103058	0.1667194366455078	-0.03740164637565613	0.5098977088928223	-0.8594215512275696
0.3917834162712097	7.58233642578125	-0.14308182895183563	0.5139617919921875	0.9086825847625732	1.0	4	0.0	0	0.0	0	0.4144687056541443	-0.3962390422821045	-0.819274365901947	-0.04874158278107643	-0.908611536026001	0.4147883951663971	-0.9087574481964111	-0.13198406994342804	-0.3959043323993683
0.2576627731323242	7.10758113861084	0.018680550158023834	0.5530891418457031	0.8993518948554993	1.0	4	0.0	2	0.0	0	0.4144687056541443	-0.3962390422821045	-0.819274365901947	-0.04874157905578613	-0.9086114764213562	0.4147883653640747	-0.9087574481964111	-0.13198406994342804	-0.3959043323993683
0.02068539708852768	7.118692874908447	-0.10657979547977448	0.5513267517089844	0.8789499998092651	1.0	4	0.0	2	0.0	0	0.4144687056541443	-0.3962390422821045	-0.819274365901947	-0.048741571605205536	-0.9086115956306458	0.4147883951663971	-0.9087574481964111	-0.13198405504226685	-0.3959043323993683
0.5288687944412231	7.711045742034912	0.458926260471344	0.0373382568359375	0.6791701316833496	1.0	4	0.0	0	0.0	0	0.9813961386680603	-0.0808933898806572	-0.17412059009075165	-0.14444738626480103	-0.9085270762443542	-0.3920632004737854	-0.1264779418706894	0.40992051362991333	-0.90330970287323
0.4641886353492737	7.300034046173096	0.2853182852268219	0.07324600219726562	0.6794490814208984	1.0	4	0.0	0	0.0	0	0.9813961386680603	-0.0808933898806572	-0.17412059009075165	-0.14444738626480103	-0.9085270762443542	-0.3920632004737854	-0.1264779418706894	0.40992051362991333	-0.90330970287323
0.48220545053482056	7.624172687530518	0.23627731204032898	0.05088043212890625	0.6654291152954102	1.0	4	0.0	0	0.0	0	0.9813961386680603	-0.0808933898806572	-0.17412059009075165	-0.14444738626480103	-0.9085270762443542	-0.3920632004737854	-0.1264779418706894	0.40992051362991333	-0.90330970287323
0.02420390211045742	7.513223171234131	1.125375747680664	0.8806934356689453	0.8920698165893555	1.0	4	0.0	0	0.0	0	-0.6305037140846252	-0.25229310989379883	0.7340390086174011	0.7756573557853699	-0.23970390856266022	0.5838643312454224	0.028647076338529587	0.9374914169311523	0.34682726860046387
-0.3428894877433777	7.022380352020264	0.6413551568984985	0.8493788242340088	0.9434986114501953	1.0	4	0.0	0	0.0	0	-0.6305037140846252	-0.25229310989379883	0.7340390086174011	0.7756574153900146	-0.2397039234638214	0.5838643908500671	0.028647061437368393	0.9374914169311523	0.3468272387981415
0.021567407995462418	6.774588584899902	0.8692384958267212	0.8806934356689453	0.9550018310546875	1.0	4	0.0	0	0.0	0	-0.6305037140846252	-0.25229310989379883	0.7340390086174011	0.7756573557853699	-0.23970390856266022	0.5838643908500671	0.028647057712078094	0.9374914169311523	0.3468272089958191
0.04772275313735008	8.199052810668945	0.1684991419315338	0.7431002259254456	0.9038641452789307	1.0	4	0.0	0	0.0	0	-0.5091721415519714	0.7242329716682434	-0.4650057852268219	-0.8295770287513733	-0.2690832018852234	0.48928123712539673	0.22922836244106293	0.6348865032196045	0.7378166913986206
-0.28371965885162354	7.828554153442383	-0.045618828386068344	0.7553053498268127	0.9330596923828125	1.0	4	0.0	0	0.0	0	-0.5091721415519714	0.7242329716682434	-0.4650057852268219	-0.8295770883560181	-0.2690832316875458	0.48928123712539673	0.22922834753990173	0.6348865032196045	0.7378167510032654
-0.4050147235393524	7.926194667816162	0.23926913738250732	0.775789201259613	0.9178526401519775	1.0	4	0.0	0	0.0	0	-0.5091721415519714	0.7242329716682434	-0.4650057852268219	-0.8295771479606628	-0.2690832316875458	0.4892812669277191	0.22922833263874054	0.6348865032196045	0.7378166913986206
0.04772275313735008	8.199052810668945	0.1684991419315338	0.7431002259254456	0.9038641452789307	1.0	4	0.0	0	0.0	0	0.49331966042518616	0.7184770107269287	-0.49033311009407043	-0.6438719630241394	0.6806325316429138	0.3495258688926697	0.5848628878593445	0.14328373968601227	0.7983765006065369
0.3724549412727356	7.8457465171813965	-0.02248466946184635	0.7106240391731262	0.9049135446548462	1.0	4	0.0	0	0.0	0	0.49331966042518616	0.7184770107269287	-0.49033311009407043	-0.6438719630241394	0.6806325316429138	0.3495258390903473	0.5848628878593445	0.14328375458717346	0.7983765602111816
0.023099634796380997	7.9659104347229	-0.1978936642408371	0.7286728620529175	0.9309688806533813	1.0	4	0.0	0	0.0	0	0.49331966042518616	0.7184770107269287	-0.49033311009407043	-0.6438719630241394	0.6806325316429138	0.3495258688926697	0.5848628878593445	0.14328373968601227	0.7983765006065369
-0.28371965885162354	7.828554153442383	-0.045618828386068344	0.4945335388183594	0.8563684821128845	1.0	4	0.0	0	0.0	0	-0.45146429538726807	0.29574093222618103	-0.8418534994125366	0.07120499759912491	-0.9285264611244202	-0.3643743097782135	-0.8894436359405518	-0.22444617748260498	0.3981383144855499
0.0006195230525918305	7.56444787979126	-0.2908824384212494	0.5143337249755859	0.8756802082061768	1.0	4	0.0	0	0.0	0	-0.45146429538726807	0.29574093222618103	-0.8418534994125366	0.0712050050497055	-0.9285264015197754	-0.3643743097782135	-0.8894435167312622	-0.2244461476802826	0.39813822507858276
-0.32387426495552063	7.587078094482422	-0.10891485214233398	0.5135345458984375	0.8520779609680176	1.0	4	0.0	0	0.0	0	-0.45146429538726807	0.29574093222618103	-0.8418534994125366	0.07120499014854431	-0.9285263419151306	-0.3643742799758911	-0.8894435167312622	-0.2244461476802826	0.39813825488090515
0.02420390211045742	7.513223171234131	1.125375747680664	0.030029296875	0.7339739799499512	1.0	4	0.0	0	0.0	0	0.7789499759674072	0.09895773231983185	0.6192288398742676	0.40246284008026123	-0.8361562490463257	-0.37264785170555115	0.48089563846588135	0.5394905805587769	-0.6911506652832031
0.38105419278144836	7.046529769897461	0.7510624527931213	0.0769195556640625	0.7218947410583496	1.0	4	0.0	0	0.0	0	0.7789499759674072	0.09895773231983185	0.6192288398742676	0.4024628698825836	-0.8361562490463257	-0.37264788150787354	0.48089563846588135	0.5394906401634216	-0.6911506652832031
0.5288687944412231	7.711045742034912	0.458926260471344	0.0373382568359375	0.6791701316833496	1.0	4	0.0	0	0.0	0	0.7789499759674072	0.09895773231983185	0.6192288398742676	0.40246281027793884	-0.8361562490463257	-0.37264782190322876	0.4808956980705261	0.5394905805587769	-0.6911507248878479
0.023099634796380997	7.9659104347229	-0.1978936642408371	0.4826507568359375	0.8791351318359375	1.0	4	0.0	0	0.0	0	0.33894073963165283	0.19424042105674744	-0.9205378890037537	0.04532911255955696	-0.980690062046051	-0.19024285674095154	-0.9397150874137878	0.022753890603780746	-0.3412005305290222
0.3917834162712097	7.58233642578125	-0.14308182895183563	0.5139617919921875	0.9086825847625732	1.0	4	0.0	0	0.0	0	0.33894073963165283	0.19424042105674744	-0.9205378890037537	0.04532912001013756	-0.980690062046051	-0.19024285674095154	-0.9397150874137878	0.02275388315320015	-0.3412005305290222
0.0006195230525918305	7.56444787979126	-0.2908824384212494	0.5143337249755859	0.8756802082061768	1.0	4	0.0	0	0.0	0	0.33894073963165283	0.19424042105674744	-0.9205378890037537	0.045329127460718155	-0.980690062046051	-0.19024284183979034	-0.9397150874137878	0.022753868252038956	-0.3412005305290222
0.2948175072669983	7.977457523345947	0.5550798177719116	0.014324188232421875	0.6773285865783691	1.0	4	0.0	0	0.0	0	0.682894229888916	0.3733121156692505	0.6279280185699463	0.6602379679679871	-0.6832669973373413	-0.31182053685188293	0.3126361072063446	0.6275224089622498	-0.7130739092826843
0.02420390211045742	7.513223171234131	1.125375747680664	0.030029296875	0.7339739799499512	1.0	4	0.0	0	0.0	0	0.682894229888916	0.3733121156692505	0.6279280185699463	0.6602379679679871	-0.6832669973373413	-0.31182050704956055	0.3126361072063446	0.627522349357605	-0.7130739092826843
0.5288687944412231	7.711045742034912	0.458926260471344	0.0373382568359375	0.6791701316833496	1.0	4	0.0	0	0.0	0	0.682894229888916	0.3733121156692505	0.6279280185699463	0.6602379679679871	-0.6832669973373413	-0.31182050704956055	0.3126361072063446	0.627522349357605	-0.7130739092826843
-0.2187456339597702	7.982676029205322	0.5540608763694763	0.775789201259613	0.8882399797439575	1.0	4	0.0	0	0.0	0	-0.4951270520687103	0.8576130867004395	0.13910061120986938	-0.741742730140686	-0.5006213188171387	0.44631391763687134	0.45240139961242676	0.11780522018671036	0.8839994072914124
